#OTU ID	E01L	E01S	N01L	N01S	S01L	S01S
564806	10	14	0	2	0	0
145801	7974	429	4	265	1	233
339087	4386	49	162	563	329	186
370287	197	13	47	45	36	6
4449244	10138	4	0	104	2	61
513445	984	159	23	676	117	127
351231	40	55	35	1029	768	2876
191487	2979	1058	79	145	369	2178
176034	1785	114	15	77	28	198
157327	8102	359	10	428	49	220
183619	16	0	0	1	0	3
4304475	223	182	5	143	387	1415
589277	527	130	478	240	10039	8199
195157	20	5	0	20	41	164
325808	15	123	12548	1607	23	34
360329	89	80	8	10	7	3
3943182	580	22	25	105	251	60
350277	3486	1626	369	418	5991	26302
196370	368	18	6	32	11	8
236821	1026	33	1	59	8	26
3073894	282	0	0	1	0	6
345319	55	5	13	13	4	6
179157	292	35	6	54	6	16
211720	1792	78	0	20	0	5
294254	260	2126	0	120	4	166
213394	12	0	10	10	1	1
291090	175	38	8	66	2	9
580629	49	19	2	105	12	18
364179	30	6	2	0	1	6
4378683	21	0	0	4	1	0
309720	457	418	0	28	7	110
359650	186	8	31	146	25	7
4447072	161	14	16	17	302	147
212481	139	5	4	38	48	17
3154070	513	40	30	107	952	285
1736067	156	30	16	36	320	234
2986828	156	3	0	10	3	4
554303	78	30	1	9	2	0
191043	17	0	0	2	3	1
357582	1460	180	48	395	148	448
588216	1370	4509	226	877	7430	77
577170	554	18	22	131	197	64
325503	453	10	10	14	8	47
3413566	224	26	0	8	0	6
4378081	46	7	19	29	42	567
174842	379	102	31	218	20	52
547304	30	3	0	3	4	0
583656	205	30	52	117	98	447
685156	5	26	2	164	20	6
938948	40	0	0	3	0	0
3002161	627	7	1	42	3	26
338992	19	0	0	1	4	1
4338624	373	2	0	10	0	0
192839	186	9	9	53	36	18
2487345	46	0	0	1	1	1
353292	499	71	0	17	24	44
4339144	505	293	0	36	51	262
179905	3	0	0	1	1	0
193233	131	8	17	66	95	110
4296080	13	1	0	1	1	0
560336	1093	158	39	742	91	108
1078587	17	10	0	27	17	231
184567	11	19	13	2	43	39
3181657	62	3	2	1	145	80
4340358	8	1	0	1	15	7
548587	82	1	0	6	1	0
3671383	23	0	1	5	10	17
2688034	33	2	0	0	0	0
687245	3	5	1	3	0	0
184209	116	2	0	16	7	7
177742	95	13	0	4	2	3
969149	581	80	7	90	131	7
212359	102	21	0	12	5	12
336012	223	133	157	551	909	5292
4383922	35	0	0	0	1	0
176775	604	13	45	382	488	10
556835	103	7	8	64	100	0
189920	286	12	6	35	179	37
833731	49	10	0	2	2	1
4315958	1	8	0	2	0	0
197286	456	15	1	60	14	17
572750	29	14	0	2	0	0
4379449	492	19	0	13	0	4
304777	272	3	5	22	4	20
782953	308	464	14	77	620	6
360238	17	2	0	2	0	1
356760	142	10	0	10	0	5
2375352	3	0	0	0	1	2
4396877	40	2	1	2	0	1
197581	2	0	0	1	0	0
292057	13	32	16	99	211	16
198449	185	8	7	13	37	18
4296242	5	0	0	5	0	0
293511	17	0	0	1	1	0
1111586	4	1	0	7	0	5
681779	10	0	0	0	0	0
362997	186	100	34	32	746	1878
584951	85	17	0	5	1	10
851323	156	20	0	65	20	19
1128398	7	0	0	0	0	0
848315	14	3	0	4	25	23
929476	36	47	4	28	190	2
345354	27	4	0	11	2	8
326662	156	10	9	11	16	192
851865	440	55	123	1271	1091	2143
176685	105	1	0	10	0	4
365842	16	0	1	3	1	1
528753	165	1	16	95	107	3
195508	119	13	4	19	35	58
4472721	70	89	3	8	7	153
305982	139	13	0	11	2	3
342025	279	2	0	0	0	2
578016	61	26	7	79	22	50
152859	13	0	0	0	0	0
696477	104	22	12	35	49	104
175298	1	0	0	1	0	0
583117	333	66	19	75	100	114
3765807	28	2	1	3	0	3
193968	14	3	1	32	45	37
4390365	76	8	0	6	0	0
365628	22	0	3	6	19	0
667570	56	128	5	25	92	3
210848	1	0	0	0	0	0
191483	335	2	0	8	0	2
243185	2	29	0	0	0	0
198272	2	1	0	4	0	0
1111294	130	551	46	120	1273	7
189960	2	0	0	3	3	7
331697	117	2	0	12	1	2
1042850	25	0	0	2	0	0
81298	6	21	0	1	3	8
968675	3	0	0	0	0	0
202367	2	0	0	1	0	0
568118	15	13	7	724	12	11
1108422	13	0	0	2	4	12
584541	2	1	0	1	15	28
180082	63	37	230	87	64	959
929836	26	0	0	2	1	0
4455163	27	1	0	0	5	12
210269	11	1	0	3	0	0
819999	7	3	0	2	0	0
305247	2	0	0	0	1	0
308081	9	0	0	1	0	0
1141218	26	56	0	3	0	4
194769	4	0	0	18	0	0
332732	60	32	22	220	137	1216
301578	218	11	4	34	156	26
988375	38	8	0	30	31	173
199716	21	1	2	2	22	8
1111874	69	263	9	48	260	3
4302904	23	11	0	9	2	15
348863	1	0	0	0	0	0
455671	28	198	0	17	0	31
1110763	27	26	2	26	51	1
1602307	32	1	0	5	0	1
3117556	14	5	0	0	6	15
2762219	6	0	0	0	0	0
369635	9	15	1	158	6	966
270094	4	3	1	6	6	5
550814	130	67	1	26	29	75
305946	13	4	1	0	0	5
158001	2	0	0	0	0	0
3857426	4	0	0	0	0	0
4402959	3	0	0	2	0	0
1104936	10	0	0	3	0	0
4028553	17	2	0	1	0	3
797560	2	122	0	0	0	1
2170530	2	0	0	0	1	0
183532	1	0	1	0	0	0
197072	106	10	26	58	277	80
368698	28	0	1	14	4	0
363625	14	1	1	3	26	20
524318	13	10	3	6	20	90
189083	9	9	1	15	5	11
324163	17	4	0	17	1	10
4103317	42	10	0	17	38	225
186352	8	2	1	2	3	2
231985	25	0	0	2	0	0
2876801	8	2	2	2	31	102
194562	15	0	0	0	0	1
820346	24	0	0	3	2	2
4020502	33	1	0	4	1	13
182255	17	1	0	8	2	8
1663575	47	13	0	24	10	0
181239	1	0	0	0	1	5
363887	44	10	16	22	73	220
3056461	3	3	1	0	2	53
764308	15	0	1	5	10	0
316497	18	3	0	0	2	0
308598	56	17	87	104	264	810
161840	2	0	0	0	0	0
186723	26	0	1	4	6	3
4402610	1	0	0	3	3	20
309433	27	3	11	36	8	5
577377	10	1	0	4	1	3
198711	55	7	5	4	68	57
1108974	39	5	0	3	0	0
363794	6	5	0	11	1	0
1111634	35	28	5	15	19	41
185888	74	37	1	22	105	212
187126	2	0	0	4	2	3
365496	43	115	1631	577	40	30
840905	9	1	0	0	0	0
175535	98	8	16	61	91	76
352617	10	48	107	35	11	2
1070477	16	8	1	6	20	16
589071	73	67	50	99	556	1170
258785	3	1	0	2	0	0
332163	5	0	2	5	1	3
357312	4	0	0	1	2	0
846798	50	3	0	0	0	1
259772	39	15	0	0	0	0
4426877	9	3	0	0	0	0
587269	18	2	1	0	1	0
4393532	16	12	0	16	18	340
192326	57	16	0	0	0	3
4303373	1	0	0	0	0	0
3430935	17	0	0	3	0	0
4457064	3	33	0	2	2	4
4381553	22	4	19	20	53	15
2237211	2	0	0	1	3	4
813217	48	5	0	4	1	6
425721	38	1	0	3	0	2
1097208	197	19	0	1	0	0
344318	37	80	20	302	35	31
4354042	12	2	0	3	2	2
1085832	2	2	1	33	0	23
585914	7	3	0	10	0	1
564431	1	6	0	0	0	0
537548	14	2	0	2	0	2
287558	5	7	0	2	2	3
1880021	2	0	0	0	0	0
1111133	59	21	1	14	26	49
521558	1	2	0	3	0	1
45363	128	2	0	1	0	0
806030	3	0	0	0	0	0
799884	28	5	0	59	0	65
125270	5	0	1	1	0	1
674696	40	29	3	10	6	0
357046	23	76	0	3	5	183
171559	78	1	0	10	6	7
183653	1	0	0	3	1	2
295629	1	0	0	0	0	0
290362	3	0	0	0	0	0
2063400	13	2	2	5	1	5
3472078	44	3	1	16	66	13
275845	13	22	2	69	4	3
333178	1	0	0	3	0	0
339013	8	1	3	7	14	6
360015	28	7	0	7	2	0
369109	4	1	0	3	4	0
572889	23	4	0	255	0	1
3908638	4	6	1	0	5	0
176008	3	0	0	2	0	0
518002	6	50	0	3	1	0
535955	5	0	8	11	4	3
4345821	6	0	1	15	4	35
1038865	1	0	0	0	0	0
4351284	5	0	0	1	0	0
837283	13	1	0	2	0	0
2740953	1	13	64	31	2	1
828676	13	0	0	1	0	0
210647	2	3	0	286	22	517
2497335	6	14	1	8	0	1
814952	8	3	0	1	0	0
174624	1	0	0	0	0	1
1906635	5	2	0	1	0	7
311950	8	15	67	44	10	4
196219	13	1	6	0	10	24
1109422	54	17	1	7	41	35
316321	25	101	0	8	0	14
332588	18	2	1	1	26	79
174036	10	3	0	0	0	4
197418	2	1	1	27	11	7
181572	14	1	0	14	31	32
344154	3	2	2	7	7	42
190076	6	0	0	0	0	0
102194	1	0	0	0	0	0
350121	2	0	0	1	3	2
185158	1	0	0	0	0	0
350036	4	28	11	180	309	2965
190191	2	0	0	0	0	0
554836	1	9	0	0	0	0
342427	2	2	0	31	0	0
581079	7	0	0	1	0	0
3579707	2	2	1	0	0	7
225919	18	378	1	22	4	6
341460	1	0	0	0	0	0
199190	13	20	1	1	3	21
2084364	6	3	2	6	13	0
1097359	1	0	0	0	0	0
190572	2	0	0	8	0	0
4371463	4	0	0	0	0	0
196769	23	2	1	0	2	9
180414	1	0	0	1	1	0
198511	1	0	0	0	0	0
359538	8	21	41	11	491	380
579851	7	0	0	0	0	1
4357811	36	1	0	4	1	2
737912	12	0	0	1	0	3
357412	29	5	0	139	125	175
4378795	1	1	0	0	5	0
579608	17	40	0	637	9	355
301740	9	2	0	0	0	0
195946	10	3	0	2	0	0
1910658	7	1	0	2	2	3
335550	14	1	2	5	1	5
193446	1	0	0	18	0	2
2198356	1	1	4	2	16	44
545061	10	6	0	36	2	7
372348	1	4	2	57	34	1
211706	22	1	0	17	2	1
174646	11	0	0	1	0	0
511908	2	0	0	1	0	0
365385	1	1	0	0	0	0
206574	21	22	37	648	41	7
3121406	7	0	0	1	0	1
3320406	2	0	0	0	0	1
348304	35	5	4	11	33	22
197924	7	4	0	2	17	41
330294	5	5	0	7	1	1
183480	8	46	31	187	79	3719
4437814	30	4	9	25	169	130
124309	1	0	0	0	0	0
177360	8	2	1	4	4	44
2487129	21	2	1	11	16	5
848816	52	16	0	2	0	1
688934	15	0	0	3	0	0
2338105	3	0	0	4	0	2
921813	4	0	0	5	0	1
552376	4	1	0	3	0	0
2235671	36	11	0	0	0	1
179435	14	2	0	2	3	0
363692	9	0	0	1	0	0
4354477	1	0	0	1	3	0
3171486	1	5	0	0	4	0
1105687	2	0	0	1	1	0
362327	1	0	0	0	0	0
2018038	1	0	0	3	1	0
3756485	2	1	0	0	0	0
194909	17	0	0	0	1	0
4456091	6	0	0	0	0	0
3325758	4	3	1	2	32	3
179319	9	9	0	1	0	0
192066	3	0	0	2	1	0
4278525	36	7	7	22	157	126
199283	1	0	0	1	1	0
198587	1	5	0	43	43	48
192255	15	1	1	1	0	1
1551841	1	0	0	0	0	0
104610	15	0	0	1	0	0
215097	3	22	1	7	1022	0
177211	2	0	1	0	2	1
52362	4	1	0	1	3	0
1028632	1	1	0	0	0	0
198190	26	13	4	406	181	741
1055212	6	34	0	5	0	3
823099	1	0	0	1	2	2
184729	2	0	0	0	0	0
197517	12	3	13	10	10	123
359175	1	0	0	3	4	33
344525	10	6	11	7	237	139
3972831	1	0	0	1	0	0
4371060	2	0	0	1	2	0
267097	2	1	0	0	0	0
186772	27	2	3	30	4	12
303809	3	3	0	0	0	1
534965	2	0	0	0	0	1
577710	4	2	0	0	0	0
194670	7	4	5	5	12	4
3138798	7	0	0	1	3	0
221454	5	84	0	0	0	0
1068082	1	0	0	0	0	0
362539	2	2	0	0	0	0
3439402	1	0	0	0	0	3
840027	2	1	0	29	9	93
194383	2	0	0	8	3	1
259306	3	0	0	0	0	0
3228684	2	0	0	0	0	0
470382	10	7	0	38	47	37
161423	23	9	3	28	16	4
328617	11	11	1	2	18	138
4296366	1	0	0	2	0	0
188735	18	0	1	7	9	0
797229	8	4	1	10	18	0
813457	7	0	1	0	0	1
4349660	1	0	0	2	0	0
3228974	1	0	0	0	0	0
358112	1	0	0	2	24	79
1997733	11	0	0	3	0	0
805707	10	0	0	1	0	4
1888677	2	0	0	0	0	1
581782	2	0	0	0	4	0
537894	2	5	0	5	0	11
270355	3	0	0	0	0	0
182574	4	0	0	10	0	3
552528	6	1	1	3	1	4
571744	4	41	0	7	2	1097
1054531	2	0	0	1	0	0
195855	5	0	1	8	2	2
194443	25	0	1	18	2	1
4336809	2	0	0	0	0	0
1107670	1	0	0	0	2	0
183049	6	0	0	4	0	0
189443	1	0	0	0	0	0
3486634	79	19	4	9	99	368
183734	4	0	0	1	0	0
210371	6	20	6	572	8	1
4324964	5	1	0	0	0	0
354850	6	1	0	2	18	3
2689396	2	2	0	0	1	0
208479	2	0	0	5	12	33
289261	1	1	0	0	0	0
511378	1	0	0	2	0	0
291930	24	0	0	6	0	2
4457268	2	3	0	0	1	0
4421070	2	0	0	0	0	5
3887769	12	0	0	1	1	0
367909	2	2	0	21	23	8
299837	1	0	0	3	0	0
217734	1	0	0	7	0	2
810831	4	1	0	1	0	0
187324	2	0	0	0	0	2
808540	2	0	0	0	0	0
4476578	3	1	0	0	4	6
825033	2	2	0	1	1	0
1110417	3	0	0	0	0	0
178022	4	0	0	0	0	0
2875735	3	0	0	3	5	0
193528	37	12	0	2	5	34
184285	1	0	0	0	0	0
346302	5	0	1	6	4	1
181437	1	0	0	0	0	0
175485	8	2	6	14	36	5
313968	1	16	1	14	313	1459
193744	3	2	1	9	5	30
190913	9	0	12	3	14	9
194672	2	0	0	1	12	2
198947	3	1	0	3	0	0
186866	3	1	3	4	50	22
295564	2	0	0	0	0	1
962010	3	0	0	0	0	0
1111570	3	0	0	1	1	14
265871	4	0	0	0	0	0
4451152	1	31	101	53	6	0
4402787	2	0	0	0	0	0
3186392	1	0	1	5	0	0
335256	24	176	0	9	2	11
165489	1	0	0	0	2	0
195599	1	0	0	0	0	0
192684	3	1	4	6	27	20
843553	14	3	13	21	9	3
322835	1	0	0	2	0	0
332317	9	21	8	307	628	2744
4473158	1	0	0	0	0	0
306330	2	0	2	0	0	19
4212012	1	0	0	0	8	26
3439403	12	2	0	4	6	3
878104	3	1	0	66	3	1
808486	1	0	0	0	0	0
4468234	1	0	0	0	0	0
815898	3	0	0	0	1	0
177986	4	0	0	0	0	0
1089636	2	1	1	10	2	4
346738	2	5	0	7	21	146
298592	23	0	0	6	0	0
4244333	4	2	0	171	2	2
348574	1	0	0	0	0	0
576975	2	0	0	0	0	0
364926	3	14	13	19	654	433
4113009	4	0	0	0	0	0
816571	1	1	0	0	5	0
365717	1	0	0	1	0	0
589313	1	5	0	1	0	0
631768	1	0	0	0	0	0
54794	1	1	0	6	0	6
537085	6	0	0	1	0	0
554436	7	1	0	3	1	2
3211875	1	2	5	2	10	97
1579962	3	4	0	1	0	0
358939	1	0	0	0	0	0
4325509	3	0	0	0	0	0
181984	3	0	0	3	1	1
4442523	1	0	0	0	0	0
842594	7	0	0	2	0	0
4381755	1	1	0	3	3	27
438304	1	1	0	0	2	1
4470582	2	0	0	0	0	0
4355732	1	0	0	0	0	0
530094	1	0	1	0	0	1
199753	1	9	1	142	53	118
808882	3	0	0	0	0	0
320009	1	0	0	0	0	0
329650	7	10	2	41	6	10
574486	1	0	0	0	0	0
183849	1	0	0	0	0	0
188126	2	0	2	1	2	5
575557	1	0	0	0	0	1
4435784	4	2	6	0	235	35
1566189	2	0	0	1	0	0
316761	3	9	2	9	4	1
3044876	2	0	0	0	0	0
1001040	2	74	0	0	4	0
4473975	4	23	0	0	0	1
188433	1	0	0	5	1	1
354905	3	4	0	2	0	0
558444	1	0	0	0	1	0
91557	1	0	0	0	0	0
844589	2	3	0	60	1	4
348027	7	2	1	5	20	5
3399749	1	0	0	0	0	0
198866	12	1	8	8	5	17
840858	1	0	0	0	0	0
181719	3	0	4	5	18	20
3550159	2	0	0	0	2	5
4465473	10	0	0	1	0	0
327383	1	1	0	0	0	0
291711	1	0	0	2	0	0
1105958	1	0	0	0	0	0
528707	2	1	0	0	0	1
192323	1	0	0	1	0	0
559204	9	0	0	2	1	0
365735	7	2	0	0	1	0
509621	1	0	0	0	2	0
332778	2	0	0	1	0	0
4301298	3	0	10	2	0	0
350875	1	0	3	1	0	0
1107439	1	0	0	0	0	0
362968	1	0	0	7	0	0
2224336	9	8	86	42	3	1
186030	1	0	0	4	0	0
358104	10	1	1	4	2	0
297057	4	12	41	22	2391	4676
10180	4	0	0	0	0	0
2927602	2	0	0	0	0	0
216599	1	1	0	4	0	1
349024	1	11	26	45	1	0
141350	2	30	3	12	1	328
4354235	2	0	0	0	1	0
525391	1	0	0	0	0	0
174614	1	0	0	39	2	11
4417335	3	0	2	0	28	23
290849	3	40	0	5	12	0
188887	12	1	2	3	4	19
4432459	1	0	0	0	1	0
1109247	1	1	0	0	1	0
569244	1	1	0	0	0	0
572010	4	2	1	2	4	0
365118	2	4	0	11	0	0
288362	3	1	0	14	1	4
3191793	5	1	0	2	0	0
4382827	2	1	0	0	0	0
183093	2	10	188	51	2	1
345540	1	2	0	0	1	0
1914875	8	0	0	0	0	0
196590	3	1	0	0	0	0
656889	4	0	0	1	3	0
4435664	23	4	2	1	15	75
1104592	5	29	1	7	47	0
523589	8	2	0	10	0	2
413996	4	0	1	1	0	3
4227110	5	2	0	1	0	0
182052	2	0	3	10	143	14
2066505	5	0	0	6	19	15
4329571	3	4	6	69	1	0
4306157	2	0	0	0	0	0
4384058	1	0	0	0	0	0
351907	1	0	0	0	0	0
149833	1	0	0	0	0	0
674943	3	0	0	0	0	0
332718	1	8	0	1	2	0
3256931	1	0	0	0	1	0
196664	4	1	2	19	14	15
198941	3	0	0	41	4	30
2851803	5	0	0	0	0	0
541977	4	7	1	7	26	0
2949328	1	0	0	1	17	6
78150	1	0	0	0	0	0
364029	3	0	0	0	1	0
950606	2	0	0	1	0	0
4466458	1	0	0	0	0	0
153419	1	0	0	0	0	0
337538	1	0	0	0	0	1
2283111	2	1	1	1	5	17
1036691	1	0	0	1	0	0
173863	2	0	0	1	0	2
193466	1	0	0	0	0	0
1952	3	0	7	0	1	30
554338	1	1	0	0	0	0
344726	1	0	0	0	0	0
2365398	2	0	0	0	0	0
653533	1	0	0	0	0	0
59527	1	0	0	0	0	0
576232	1	0	0	0	0	0
1111582	3	58	5	7	2	33
682726	2	8	0	6	10	87
185136	2	0	0	33	0	1
186521	14	0	0	1	0	0
4465907	3	0	0	0	0	0
363383	3	0	0	0	0	0
259266	2	0	0	0	0	0
198503	1	0	0	0	0	0
1698008	2	19	164	36	4	4
1016422	1	0	0	0	2	0
2545906	1	0	0	2	1	4
195457	3	0	0	1	2	0
1110135	3	0	1	4	5	0
194359	1	0	1	0	0	0
3394073	6	0	0	0	0	0
130663	1	1	0	0	0	0
1108244	7	2	0	0	0	0
1108099	1	0	0	4	0	4
367213	1	0	1	8	8	65
4232045	1	3	0	3	1	0
541328	4	24	0	10	8	7
791522	1	1	0	0	0	0
554163	1	0	0	0	0	0
345686	1	0	0	0	0	0
863612	1	0	0	0	0	0
361556	1	1	0	1	1	1
2563561	4	0	1	2	2	0
195805	3	0	0	0	0	0
811219	4	0	0	1	1	0
184518	1	0	0	0	0	0
192342	4	0	0	0	0	0
180834	9	6	0	1	1	6
197761	1	0	0	1	0	0
195436	2	0	1	0	0	0
3160267	5	2	0	0	0	0
321811	5	0	0	1	4	3
199279	1	0	0	4	2	1
184770	1	0	0	3	0	1
571767	1	0	0	0	0	0
4370024	3	0	0	0	0	0
177695	8	0	1	31	5	1
189855	1	0	0	0	0	0
364048	6	1	1	4	1	1
811492	1	0	0	0	0	0
174831	4	8	1	49	8	3
349713	1	0	0	0	0	0
361811	1	0	0	3	43	41
3799784	3	16	4	1	16	0
290808	1	0	0	0	0	0
976010	3	0	0	0	0	0
4392183	3	2	0	5	4	0
1102643	4	0	0	0	0	0
197435	1	1	0	1	0	0
888300	1	1	0	16	0	25
521927	1	0	0	1	1	0
340547	2	5	23	12	13	6
189076	2	16	0	277	84	4
819328	2	2	1	2	4	10
343047	1	0	0	0	0	0
199422	1	0	0	0	0	0
4356331	6	0	1	2	11	2
182643	1	0	0	0	0	0
4296244	7	6	2	226	1	4
4418496	1	1	0	3	0	3
296872	1	0	0	0	0	0
1919007	2	0	0	0	0	0
544419	4	11	0	9	0	23
4347689	2	0	0	2	2	4
570180	1	0	0	0	0	0
4376964	3	0	0	0	0	2
370086	2	1	0	2	0	0
313086	1	1	0	30	6	7
4454531	4	5	0	2	6	1
1013304	1	2	0	0	0	0
1010113	2	0	0	0	1	0
4454586	2	4	0	1	0	4
254662	6	2	1	1	7	0
4475642	2	0	0	1	1	0
353124	2	0	0	1	0	2
4478125	1	0	1	7	0	0
4475469	1	0	0	0	0	0
339494	1	0	0	4	1	0
2309802	3	5	1	15	0	0
2134452	1	0	0	0	0	0
2391105	4	0	1	0	0	0
197537	2	0	14	4	21	92
4357712	5	2	0	4	3	0
3765185	4	0	0	0	0	0
179644	1	0	0	2	1	0
359978	3	0	0	4	2	0
326369	1	0	0	0	0	0
530437	2	0	0	0	0	0
177740	3	0	0	0	0	0
103166	1	1	1	0	14	0
182112	1	0	0	0	0	0
209685	2	56	904	192	15	10
1106575	3	15	0	4	10	0
1084080	1	0	0	0	0	0
281015	3	0	0	0	0	0
1108992	3	0	0	0	0	0
786449	1	0	0	3	1	0
4441615	1	0	0	0	0	0
327050	3	5	0	12	5	8
271040	2	11	0	2	1	0
531722	2	0	0	1	1	5
4450194	1	0	0	1	0	0
3327894	1	0	1	1	1	6
3061119	1	1	0	0	1	1
176660	3	2	19	5	856	366
3825935	2	0	0	0	0	0
1107461	1	0	0	0	0	0
3667183	1	1	0	0	2	1
4446898	1	0	2	0	3	3
173473	1	0	0	0	0	0
109633	1	3	0	0	0	0
1109454	2	0	0	0	0	0
568077	1	0	0	0	0	0
188697	1	0	0	0	0	0
4300950	1	0	0	0	1	0
241415	5	3	1	0	1	0
340600	2	0	0	1	0	0
4365903	1	0	0	2	1	6
143099	2	5	0	0	1	0
180182	1	0	0	119	5	1
2260620	1	0	0	0	0	2
264325	1	0	0	0	0	0
185251	1	0	0	0	0	0
176704	2	0	0	0	0	0
4151662	1	0	0	0	0	0
546384	1	0	0	0	0	0
177878	4	0	0	13	2	2
355291	1	0	5	5	11	49
194130	2	0	0	1	0	0
325437	1	2	1	18	1	0
516966	1	1	0	42	0	4
104044	8	1	0	1	0	0
181422	6	0	2	7	5	0
4318671	1	0	0	1	0	0
1076587	1	2	1	25	28	39
197334	1	0	0	0	1	0
262554	1	0	0	0	0	0
176468	2	0	0	1	0	0
4369816	1	0	0	0	0	1
752584	4	15	0	0	0	0
1084865	1	1	0	0	0	0
1070904	1	0	0	0	0	0
3600504	1	0	0	5	0	0
289933	2	39	0	5	0	7
211907	1	0	0	2	0	0
4308841	2	0	0	0	0	0
516416	1	0	0	0	0	0
136946	2	0	0	0	1	0
2825358	1	0	0	0	0	0
995155	3	0	0	0	0	0
180141	1	0	0	0	0	0
347382	1	1	1	6	17	24
1111653	4	0	0	1	0	0
4369272	3	2	3	4	2	18
236811	1	0	0	0	0	0
173874	2	0	2	26	1	0
3789144	1	0	0	0	0	0
2016098	2	0	0	0	0	0
199141	1	0	0	1	0	0
4045882	1	0	0	0	0	0
4371344	1	0	0	0	0	0
524674	3	4	0	1	0	2
647215	1	0	0	1	0	0
157905	1	0	1	2	0	1
186956	1	0	0	3	2	5
352022	1	0	0	0	0	0
4356641	2	0	0	0	0	0
72820	1	0	0	3	1	3
410307	3	0	0	0	0	1
2654263	5	0	0	0	0	0
668514	1	0	0	0	0	0
310945	1	0	0	0	0	0
262095	2	0	0	1	0	0
198530	2	2	0	0	1	4
1105	1	0	0	0	0	0
528421	3	5	2	0	1	0
197164	6	1	0	5	1	0
182886	2	0	0	2	5	29
185722	2	3	0	1	1	2
2170526	3	0	0	0	0	0
1749079	1	0	0	0	0	0
306299	2	1	0	1	0	0
182089	1	0	1	13	10	37
967427	1	0	0	34	0	5
4389125	2	0	0	0	2	6
916143	1	0	0	9	0	1
2869166	1	0	0	0	0	0
572860	2	0	0	0	0	0
1860112	3	0	0	0	1	0
183604	1	0	0	0	0	0
232273	2	4	0	2	0	0
41229	1	0	0	0	0	0
268730	1	6	0	1	1	0
191180	1	0	0	4	2	1
205765	1	0	0	2	0	2
191975	3	71	0	0	0	0
1108289	1	0	0	0	0	0
365634	1	0	1	0	4	1
214031	3	50	0	10	1	341
172233	1	0	0	0	0	1
549463	1	0	0	0	0	1
1830364	1	0	0	0	0	0
558970	1	0	0	1	1	0
953855	4	6	3	21	17	421
143423	2	0	0	0	0	0
574793	1	0	0	0	0	0
822899	1	0	0	0	0	0
238205	1	5	0	0	4	1
369429	4	9	1	64	0	0
185034	1	3	1	13	7	2
4439396	1	0	0	0	0	0
103694	1	0	0	0	0	0
186841	1	1	0	3	2	2
1111448	2	2	7	5	2	5
686972	1	1	0	0	0	0
105921	2	0	0	1	0	0
4426336	1	0	0	0	0	0
1111819	1	0	0	0	0	0
636296	3	0	0	0	0	0
294262	1	0	0	0	0	0
160178	3	0	1	0	1	2
3943183	1	0	0	0	0	0
2069039	1	0	0	0	0	0
267718	1	0	0	8	0	0
995893	3	0	0	0	0	0
1550603	3	7	1	3	9	0
189064	1	1	0	1	0	0
174950	1	0	0	0	0	0
192070	2	0	0	7	0	8
201834	1	2	0	1	1	0
1109539	2	0	0	0	1	1
1109354	1	0	0	0	0	1
233934	1	0	0	0	0	0
191153	1	0	0	1	0	2
694780	1	0	0	0	0	0
185262	1	0	0	4	1	0
4407962	1	0	0	0	1	0
372213	1	0	0	0	0	0
708680	1	1	0	1	3	1
313672	1	0	0	58	45	3
194584	2	0	0	6	0	0
186049	1	0	0	1	1	1
294196	6	22	2	18	5	2
336559	2	6	0	1	0	1
535375	2	6	2	40	158	337
1800048	1	0	0	4	0	0
175550	1	0	0	1	0	0
289709	3	3	0	3	12	0
1129060	2	0	1	0	5	0
860192	1	0	0	0	0	0
296298	2	1	2	25	0	4
4212517	1	0	0	1	0	0
228061	1	1	0	1	41	148
370225	1	0	0	0	0	0
1110064	1	1	0	1	0	0
1107057	1	0	0	1	2	0
539107	2	0	0	0	2	0
175280	1	0	0	5	0	1
988932	1	0	0	0	0	0
4353757	2	0	0	0	0	0
303204	1	1	0	0	0	0
4094866	2	0	0	1	0	0
4325261	1	1	0	0	2	0
287813	1	0	0	0	0	0
4362300	1	0	0	0	0	0
4374084	1	0	0	0	0	4
606927	1	12	0	0	0	0
4326084	3	0	0	0	0	0
922761	2	1	0	0	0	0
587530	2	0	0	0	0	0
190638	3	1	6	1	48	8
304211	2	17	6	1543	12	1
3998460	1	3	0	0	0	0
369763	1	0	0	0	0	0
186392	1	0	1	2	0	1
195651	1	0	0	5	0	0
186233	1	0	0	1	0	0
174304	2	0	0	3	0	0
1129074	1	0	0	0	0	0
2032544	1	0	0	0	0	0
183071	1	0	0	0	0	0
4356466	2	0	0	0	0	0
194287	1	1	0	1	0	1
4360128	1	0	0	0	0	0
553208	1	0	0	0	0	0
361927	3	4	0	1	2	269
3300804	5	0	0	1	0	0
196990	3	0	0	0	0	1
862115	1	0	0	0	0	0
345951	1	0	0	0	1	0
181432	1	1	0	42	0	1
364092	1	0	0	0	0	0
2250345	2	0	0	1	0	0
4477537	2	0	0	0	0	0
518686	1	0	0	0	0	0
1904686	1	0	0	1	0	0
245058	1	0	0	0	0	0
975306	5	1	0	32	27	41
524848	2	0	0	0	0	0
311820	1	0	0	1	6	1
4484466	1	2	0	0	0	0
220970	2	0	0	0	0	0
813675	1	0	0	0	0	0
941096	6	17	0	403	0	219
307238	1	0	0	5	3	4
189045	1	0	0	0	0	0
4380605	1	1	0	0	0	0
697063	1	3	0	0	0	93
4303370	1	0	0	0	0	0
214450	1	1	0	1	0	0
812351	1	3	0	0	1	0
178822	1	0	0	0	0	0
185864	1	0	0	1	1	0
4345850	1	0	0	0	0	0
181367	1	0	0	0	0	0
4301566	1	0	0	0	0	1
4336546	1	0	0	0	2	4
883748	2	2	0	1	0	0
187623	1	0	0	0	2	6
4396888	1	0	0	0	0	0
3589405	1	1	0	0	0	1
810399	5	42	0	10	1	84
2862781	1	0	0	0	0	0
158113	1	0	0	0	0	0
2814193	1	0	0	0	0	0
4072222	1	0	0	0	0	0
294202	1	0	0	0	0	0
844375	1	0	0	0	0	0
305997	1	0	0	0	0	0
174493	1	0	0	0	1	1
180572	3	0	0	15	0	0
1077185	1	0	0	0	0	0
851733	1	0	2	1	0	0
4366843	1	0	0	0	1	1
345899	1	0	0	0	0	0
184760	1	0	0	8	0	1
755242	1	0	0	0	0	0
351979	1	0	0	0	0	0
838147	1	0	0	0	0	0
194341	1	0	0	0	1	0
637049	2	7	2	5	12	0
4289643	1	0	0	0	0	0
806938	1	0	0	0	0	0
989456	1	0	0	0	0	0
191442	1	0	0	8	1	1
747821	1	0	0	0	0	0
221659	2	2	1	1	1	0
593016	1	0	12	4	0	0
1607371	1	0	0	0	0	0
196083	1	0	0	2	3	0
198450	1	0	0	7	5	26
4183249	3	0	0	0	0	0
2656868	1	0	0	3	1	0
369449	1	2	2	7	0	2
196314	1	0	0	5	3	0
114462	2	0	0	0	0	0
13811	1	5	2	1	0	0
323231	1	2	4	2	74	63
194696	1	0	2	2	7	5
182882	1	0	0	0	0	0
195997	1	0	0	2	0	0
60332	2	0	0	0	0	0
530327	3	0	1	1	0	2
195756	1	0	0	0	0	2
590124	1	0	0	0	0	0
2426688	1	1	0	0	7	0
183870	1	2	1	0	2	7
318190	1	0	0	1	0	0
4393745	1	0	0	0	0	0
178238	1	0	0	0	3	0
267416	1	0	0	0	0	0
197364	1	0	0	22	5	1
13995	1	0	0	0	0	0
1508541	1	0	0	5	0	1
757622	1	0	0	1	0	0
184000	1	0	1	0	0	0
316132	1	0	0	2	2	0
319275	1	0	0	2	17	1
3709990	1	0	0	0	0	0
3450453	1	0	0	0	0	1
1123250	1	0	0	1	0	1
194360	2	7	1	8	0	0
4468892	1	0	1	0	0	0
989234	1	0	0	0	0	0
545299	1	0	0	0	0	0
516093	1	0	0	10	0	0
2254001	1	0	0	0	0	0
198783	1	0	1	19	34	8
1092300	1	9	0	6	0	6
193831	2	0	0	1	0	1
327730	1	0	0	5	4	1
150412	1	0	1	13	0	2
1060104	1	0	0	8	0	2
183579	1	0	1	0	2	0
3465320	1	0	0	0	0	0
340219	1	0	0	4	1	1
185502	1	0	0	0	2	2
669726	1	0	0	0	0	0
4359216	2	0	0	2	0	0
4401375	1	0	0	2	6	2
196898	1	2	0	3	0	0
194110	2	1	0	2	0	0
171518	2	0	0	0	0	0
572476	1	0	1	1	4	8
4377328	1	0	0	0	0	0
536754	1	16	4	15	25	0
4363219	2	0	0	0	0	0
4327629	1	0	0	0	1	1
177561	1	3	0	42	0	0
3293888	1	0	0	0	0	0
365181	2	0	0	1	0	0
301270	2	8	0	1	1	0
184647	1	0	0	22	5	0
2203165	1	0	0	0	0	0
4174963	1	0	0	0	0	0
3890155	1	0	0	0	0	0
114821	2	0	0	22	2	0
182010	2	0	2	16	17	14
187470	1	0	0	0	0	0
354798	1	4	0	24	0	0
4346368	1	0	0	0	0	0
3351516	1	1	0	0	0	0
183157	1	0	1	12	1	0
2549971	1	0	0	0	1	0
4402254	1	4	0	93	0	22
184141	1	0	0	4	0	0
357389	2	2	0	22	5	3
367433	1	8	4	72	4	0
276149	1	2	20	2	0	24
299441	1	0	0	0	0	0
4425663	1	3	0	2	0	0
581021	1	0	0	0	0	0
239195	1	4	0	0	3	0
1111115	1	0	0	1	4	2
179018	1	10	1	312	3	0
197329	1	1	0	2	0	193
499019	1	0	0	0	0	0
172777	2	0	0	3	0	0
105287	1	0	1	1	0	0
354334	1	1	0	8	4	3
523844	1	0	0	2	0	1
329820	1	1	0	136	0	1
851634	1	0	0	0	0	0
208927	1	1	1	25	1	11
184753	1	0	0	0	0	0
3009852	1	0	0	6	2	4
210292	1	0	0	0	0	0
4370291	1	0	0	0	0	0
971607	1	1	0	1	0	0
189011	1	0	0	14	0	0
2855173	1	0	0	0	0	1
779987	1	0	0	0	10	1
1011398	1	0	0	0	0	0
299267	4	2	0	4	1	0
1106254	1	0	0	0	1	0
366771	1	0	0	0	0	1
174817	1	0	0	0	0	0
4312608	1	0	0	0	0	0
415315	1	0	1	0	0	0
4250634	1	0	0	0	4	4
1105555	1	0	0	0	0	1
1656781	1	0	0	1	0	0
2407149	1	0	0	0	0	0
536866	1	1	0	5	0	3
164915	1	0	0	1	0	0
1105328	1	0	0	0	0	0
542096	1	0	0	0	0	0
219064	1	17	11261	126	5	13
174571	1	0	0	0	2	0
348007	1	1	0	0	0	0
363389	1	10	2	111	0	1
1110104	1	0	0	0	0	0
191251	1	1	1	25	6	17
4390319	1	0	0	0	3	3
322281	1	0	0	0	0	0
4438116	1	0	0	0	0	0
1105984	1	4	0	2	0	2
359581	1	1	0	1	0	1
813564	1	0	0	0	0	0
91962	1	0	0	0	0	0
808501	1	0	0	0	0	0
330564	1	1	1	1	2	5
187894	1	0	0	5	3	1
959660	1	0	0	0	0	0
119010	1	0	0	0	0	0
183220	1	0	0	0	1	0
316438	1	0	0	0	0	0
4347652	1	0	0	0	0	0
1111768	1	0	40	6	0	1
212634	1	1	0	0	0	2
199047	1	0	0	6	2	0
328544	1	0	0	2	0	0
186139	1	0	0	0	0	0
195252	1	0	0	1	0	0
484751	1	0	0	1	0	0
340761	1	0	0	0	0	8
363358	1	5	6	84	85	753
667010	1	0	4	18	0	0
314095	1	0	0	20	0	0
3277423	1	0	0	0	0	0
531614	1	0	0	0	0	0
180462	1	0	0	1	0	1
195123	1	0	0	5	2	0
359809	1	0	0	24	4	0
187443	1	0	0	31	93	411
2951214	1	1	1	0	0	0
2210025	1	0	0	0	0	0
193008	1	0	0	0	1	1
554931	1	0	0	1	0	0
847092	1	1	0	2	0	0
42931	1	10	0	0	0	0
688267	1	0	0	0	0	0
181532	1	0	0	1	0	0
2653002	1	0	0	1	3	3
4144205	1	0	0	1	1	0
1050379	1	0	0	0	0	0
574457	1	0	0	0	0	0
538322	1	0	0	4	0	0
179291	1	0	0	1	0	1
366846	0	1	0	0	0	2
776657	0	7	0	0	0	0
308386	0	1	1	0	0	0
730733	0	3	0	0	1	7
353155	0	7	0	3	0	0
1013213	0	1	0	0	0	0
340474	0	1	0	1	6	3
107784	0	1	0	1	0	0
183780	0	1	1	18	2	2
326482	0	40	2	49	13	18
2220494	0	1	0	3	1	2
325419	0	49	0	2	0	3
313593	0	1	0	0	0	0
4334052	0	2	0	0	0	0
4378163	0	2	0	0	0	0
588929	0	6	2	13	4	1
308631	0	6	2	89	13	100
325650	0	7	0	1	0	0
1659608	0	1	1	0	0	0
527208	0	3	0	27	0	0
178627	0	3	0	0	5	0
1110008	0	1	0	2	0	0
1090059	0	2	0	0	0	0
4379666	0	1	0	0	0	0
160548	0	5	0	18	1	1
4365130	0	2	0	24	19	53
675673	0	3	0	0	0	0
422878	0	13	1128	111	1	1
1952427	0	6	0	0	0	0
266210	0	11	0	0	3	8
166908	0	1	0	0	0	0
213813	0	28	223	49	1	4
1037951	0	1	0	0	0	1
691423	0	7	0	0	0	0
292921	0	4	0	1	0	1
585480	0	1	0	49	0	0
1649772	0	3	0	2	3	0
3275934	0	1	0	0	0	0
921131	0	8	0	0	0	0
114510	0	4	0	1	11	0
318524	0	16	0	1	0	0
1076969	0	3	0	3	2	0
336325	0	2	0	0	0	0
4316928	0	16	0	2	0	0
274754	0	2	0	0	5	0
3149595	0	6	0	1	0	0
336133	0	12	2	28	8	41
294324	0	1	0	0	0	0
184991	0	1	0	5	0	0
513602	0	1	0	0	0	0
364903	0	5	70	16	4	1
1108453	0	1	0	0	0	0
815380	0	16	0	0	0	0
1143551	0	8	0	40	0	1
809848	0	10	0	0	0	0
856451	0	8	0	3	4	0
565484	0	1	0	0	0	0
259097	0	2	0	2	0	1
71331	0	1	0	4	0	7
184325	0	1	0	0	0	0
716006	0	12	1	1	0	269
374822	0	3	0	0	0	0
837804	0	1	0	0	0	0
2057787	0	3	0	0	0	0
144159	0	2	0	0	0	0
839235	0	4	0	1	3	0
851715	0	10	2	185	3	0
363735	0	1	0	2	0	3
369227	0	4	0	13	7	4
819387	0	2	0	0	0	0
4391009	0	1	0	1	0	0
911496	0	1	0	1	0	1
264552	0	1	0	0	0	0
1065011	0	1	0	0	0	0
576641	0	1	0	0	0	0
1065974	0	3	0	0	0	0
211191	0	1	0	33	0	0
262379	0	1	0	2	0	0
1110317	0	4	0	0	1	3
769222	0	14	0	9	0	10
306124	0	2	3	6	0	0
344804	0	1	11	12	0	1
194264	0	1	0	1	0	0
347138	0	8	2	356	4	2
746679	0	6	0	0	0	0
109703	0	1	0	0	0	0
193710	0	3	0	108	0	0
4362942	0	1	0	0	0	0
295146	0	2	0	0	2	0
350832	0	2	0	0	0	0
339358	0	6	2	21	4	1765
359750	0	3	0	18	0	0
1108846	0	1	0	0	0	0
1109709	0	4	0	23	1	2
213566	0	7	6	34	1	2
4449055	0	3	6	0	0	0
134072	0	1	0	0	0	0
1824908	0	11	0	1	0	0
656310	0	1	0	0	0	0
349929	0	1	0	0	0	0
521073	0	1	0	1	0	0
270598	0	2	0	0	0	0
1085646	0	13	0	0	0	4
1523627	0	1	0	0	0	0
345448	0	1	0	12	0	0
202662	0	1	0	1	0	0
527714	0	1	0	0	0	0
585188	0	3	0	0	1	0
509516	0	1	0	0	0	0
199226	0	2	3	1	0	0
208790	0	2	0	45	1	0
3995177	0	2	0	0	0	0
817254	0	2	0	0	0	0
3015662	0	3	0	1	0	0
197105	0	2	2	16	0	5
816868	0	1	0	0	0	0
197204	0	1	0	3	0	0
230741	0	1	0	3	2	12
357471	0	1	0	0	0	0
4434268	0	11	0	0	0	0
1029421	0	1	0	0	0	0
195095	0	1	0	2	0	0
1107314	0	3	0	0	0	0
74480	0	3	0	0	0	0
228556	0	7	0	0	0	0
511386	0	1	8	3	2	0
2034070	0	1	1	0	0	0
712677	0	1	0	0	0	0
177179	0	1	0	1	0	0
287445	0	2	0	0	0	0
709986	0	2	0	0	0	0
582303	0	2	0	0	0	0
184803	0	1	0	1	0	0
2236980	0	1	0	0	1	0
1503863	0	1	0	0	0	0
90189	0	2	0	1	0	0
4295707	0	3	0	33	0	0
4297222	0	2	0	2	0	0
12574	0	2	0	0	0	3
193037	0	7	1	16	55	107
269058	0	2	0	0	0	0
801579	0	1	0	0	0	0
2985051	0	14	0	0	0	0
2651538	0	1	0	0	2	0
586387	0	2	0	1	0	43
315589	0	1	8	74	0	1
329597	0	1	0	1	0	0
628226	0	2	0	0	0	0
4393962	0	1	0	0	0	0
145763	0	2	0	0	0	0
175375	0	4	0	0	0	0
199534	0	1	0	2	6	118
832223	0	3	0	0	1	0
917532	0	2	0	1	0	0
185988	0	2	0	0	0	0
528362	0	9	0	85	9	17
196753	0	2	0	1	0	0
555945	0	2	0	4	0	92
527891	0	1	0	0	0	0
834795	0	1	0	0	0	0
198869	0	1	0	30	0	1
290251	0	2	0	0	0	0
330469	0	3	0	2	55	163
529531	0	2	0	5	0	0
175508	0	1	0	0	0	0
208843	0	1	0	0	0	0
589329	0	3	0	1	1	1
522420	0	7	0	0	0	1
701221	0	3	0	4	0	1
840914	0	1	0	4	0	3
350627	0	1	0	13	0	0
312440	0	1	0	0	0	0
1109860	0	2	0	0	0	0
158963	0	5	2	6	3	2
588197	0	2	1	1	12	0
524725	0	2	0	0	0	5
338222	0	1	0	0	0	0
1108643	0	1	0	1	2	0
1111333	0	1	0	0	0	0
4343627	0	2	0	1	4	2
879972	0	1	0	1	0	0
296134	0	1	0	0	0	0
353417	0	1	0	4	0	0
3929758	0	1	0	1	1	0
1040889	0	2	0	3	0	1
586950	0	1	0	0	0	0
183104	0	1	0	0	0	0
955073	0	2	0	0	0	0
152485	0	1	0	0	2	0
1106362	0	1	2	0	0	0
343934	0	1	0	2	1	0
4411390	0	1	0	0	0	0
812800	0	1	0	0	0	0
516513	0	3	0	0	1	4
382348	0	1	0	0	0	0
185583	0	5	0	6	94	81
873645	0	3	0	0	1	0
363064	0	1	0	2	0	0
159299	0	1	0	0	0	0
970318	0	2	0	0	0	0
325254	0	2	0	0	1	1
248902	0	3	0	10	3	10
4378740	0	1	0	1	0	1
232696	0	1	0	0	0	0
180687	0	1	0	0	0	0
1694319	0	1	0	0	0	1
311390	0	1	0	0	0	0
540055	0	2	0	0	0	0
4016971	0	1	0	0	0	0
583571	0	1	17	1	0	0
191908	0	1	0	1	1	0
353657	0	1	0	1	1	0
342375	0	1	0	0	106	5
2733439	0	1	0	0	0	0
337765	0	2	0	1	2	1
323135	0	4	5	72	0	0
509416	0	5	0	61	80	4
1074210	0	4	1	1	0	279
235262	0	1	0	0	0	0
4414809	0	1	0	0	0	0
760967	0	1	0	0	0	0
3695679	0	1	0	1	4	3
181084	0	1	4	6	0	0
587933	0	1	0	0	0	0
177530	0	1	0	0	0	0
328727	0	1	0	0	0	0
643362	0	1	0	0	0	0
554796	0	3	0	1	0	0
279144	0	1	0	0	0	0
310131	0	1	0	0	0	0
4473976	0	1	0	0	0	0
191687	0	1	0	1	4	1
4316566	0	1	0	0	0	0
2017729	0	1	0	1	0	0
798568	0	1	0	0	0	0
197248	0	1	0	0	1	2
526682	0	1	0	0	0	1
1107027	0	1	0	5	3	0
825362	0	1	0	0	0	0
4419107	0	1	0	0	0	0
196946	0	1	0	0	0	1
347529	0	2	0	0	0	0
273997	0	1	0	0	0	0
182413	0	1	0	1	2	0
246248	0	1	0	0	0	0
539360	0	1	0	28	0	22
368203	0	1	0	0	3	4
4471279	0	1	0	0	0	2
555970	0	1	0	0	0	0
52232	0	1	0	0	0	0
204099	0	1	0	0	0	0
365484	0	2	0	1	0	0
207390	0	1	0	0	0	0
853316	0	1	0	0	0	0
306633	0	3	0	0	1	2
196134	0	1	0	1	1	0
186358	0	3	0	3	17	3
197490	0	1	0	0	2	2
1127857	0	1	0	0	0	0
141145	0	2	0	0	1	0
2462226	0	1	0	0	2	0
343257	0	1	47	3	0	0
4385407	0	1	0	0	0	0
962249	0	2	2	9	0	0
823803	0	1	0	0	0	0
338754	0	1	7	0	1	1
2646044	0	1	0	0	0	0
2075910	0	1	0	8	0	0
179861	0	1	0	0	0	0
342380	0	4	0	2	7	73
100744	0	1	0	0	0	0
314996	0	1	0	0	0	0
256109	0	1	0	0	0	0
805007	0	1	0	0	0	0
4305527	0	1	0	0	0	0
395249	0	3	0	0	0	2
187582	0	3	0	20	2	1
2388617	0	1	0	0	2	0
805066	0	1	0	1	1	1
780650	0	1	0	3	0	0
258375	0	2	0	1	0	0
823024	0	1	0	0	0	0
521424	0	1	0	0	0	0
1029949	0	1	0	3	4	0
721740	0	1	0	0	0	0
588520	0	1	0	0	0	0
175138	0	1	2	13	0	11
527941	0	1	0	25	0	2
294710	0	2	0	14	3	0
348703	0	1	1	1	0	0
81358	0	1	0	0	0	0
571458	0	1	0	0	0	0
320120	0	1	0	0	0	0
414949	0	1	0	0	0	0
327826	0	2	0	1	0	0
365167	0	1	0	0	0	0
229434	0	1	0	0	0	0
4412860	0	1	0	0	0	1
199245	0	1	0	33	0	0
562129	0	2	0	0	0	0
541859	0	1	0	1	0	0
4361768	0	2	0	0	0	3
3057630	0	1	0	0	0	0
777667	0	1	0	0	0	0
2058521	0	2	0	3	3	17
343709	0	1	0	0	1	0
593419	0	1	0	0	0	0
327851	0	4	0	0	0	0
135952	0	1	0	5	0	0
532912	0	1	0	0	0	0
559527	0	1	0	0	0	0
527879	0	1	0	0	0	1
555692	0	1	0	0	0	0
199256	0	1	0	0	0	0
696563	0	2	0	1	1	0
72559	0	1	0	0	1	0
523784	0	1	0	1	0	0
196082	0	1	0	0	0	1
546557	0	1	0	0	0	0
4327323	0	1	0	0	0	0
808437	0	1	0	0	0	0
229228	0	1	0	1	0	1
536238	0	2	0	0	0	0
2354022	0	1	0	0	0	0
580008	0	2	0	7	3	37
3910247	0	2	0	2	0	0
284308	0	1	0	1	0	0
311974	0	1	0	0	0	0
352304	0	1	2	25	6	51
4395096	0	1	0	0	1	0
703741	0	1	0	4	0	0
157376	0	1	0	0	0	0
771824	0	1	0	0	0	0
114166	0	1	0	0	0	0
195258	0	1	1	4	7	22
165118	0	2	0	4	1	3
178081	0	1	0	1	6	11
586458	0	1	1	0	0	0
251387	0	1	0	0	0	0
785526	0	1	0	0	0	0
4346677	0	1	0	0	1	0
181336	0	1	0	5	0	0
189916	0	1	0	6	3	1
824190	0	1	0	0	0	0
302960	0	1	0	0	0	0
194104	0	1	0	4	2	2
3426658	0	1	0	2	0	0
2680998	0	1	0	0	0	0
192009	0	1	0	2	0	0
4401267	0	1	0	1	0	0
967275	0	1	0	0	0	0
2885855	0	1	0	0	0	0
1105894	0	1	0	0	1	0
362501	0	1	0	0	0	0
873972	0	1	0	0	0	0
4391448	0	1	0	0	0	0
515953	0	1	6	10	24	172
4437520	0	1	0	0	0	1
4397708	0	1	0	0	0	0
848768	0	1	0	0	0	0
95014	0	1	0	1	3	0
316378	0	1	0	0	0	0
182903	0	1	0	0	1	0
178965	0	1	0	0	0	0
177820	0	1	0	0	0	1
211929	0	1	0	0	0	0
822540	0	1	1	2	0	1
187099	0	1	2	4	0	0
509773	0	1	0	2	0	0
1050608	0	1	0	0	0	0
798634	0	1	0	0	0	0
313121	0	1	0	4	0	0
188099	0	1	0	8	5	0
350255	0	1	1	44	0	0
524884	0	1	0	19	0	0
316515	0	1	0	12	0	0
684858	0	1	0	2	0	0
4307094	0	1	0	0	0	0
208539	0	1	0	0	0	0
261285	0	1	0	0	2	0
156632	0	1	0	0	0	0
250626	0	1	0	0	0	0
177520	0	1	0	1	1	0
4299624	0	1	0	0	0	0
584241	0	1	0	1	5	0
250370	0	1	0	0	0	0
3180933	0	1	0	1	0	2
15458	0	1	0	0	0	0
4374930	0	1	0	0	0	1
177670	0	1	0	5	2	4
556990	0	1	0	0	0	0
4478413	0	1	0	0	0	0
337403	0	1	1	8	0	1
193667	0	1	1	9	3	8
1105876	0	1	0	9	0	0
741918	0	1	0	0	0	0
276632	0	2	0	6	0	0
359020	0	1	0	0	0	0
514523	0	1	0	9	0	0
104142	0	1	0	0	0	0
222842	0	2	278	30	1	0
194008	0	1	0	2	1	0
4429981	0	1	8	81	0	0
566243	0	1	0	0	0	0
312882	0	1	0	0	0	39
2119418	0	2	0	0	2	0
69933	0	1	0	1	0	0
266558	0	1	0	0	0	0
349809	0	1	0	0	2	0
639627	0	2	0	0	0	0
363264	0	1	0	0	0	0
1147868	0	1	2	0	1	0
971907	0	1	0	0	1	0
522057	0	2	0	3	0	8
5158	0	1	0	3	0	1
4483337	0	1	0	0	0	0
291648	0	1	0	4	0	0
350681	0	1	2	10	20	99
149335	0	1	0	0	0	0
198595	0	1	0	0	0	0
158415	0	1	0	9	0	0
297756	0	1	0	1	2	0
2749362	0	1	0	0	0	0
344523	0	1	0	0	0	0
348680	0	1	0	2	0	0
4414476	0	1	0	22	5	1
803010	0	1	0	0	0	0
548032	0	1	2	1	0	2
4295763	0	2	0	1	3	0
178810	0	2	0	2	1	0
369486	0	1	0	25	65	1
358265	0	1	0	2	3	8
181759	0	1	0	12	5	0
4305923	0	1	0	1	0	0
517565	0	1	0	0	0	0
233648	0	1	0	0	0	0
187388	0	1	2	1	0	0
308983	0	1	0	1	3	0
368615	0	1	0	1	0	1
187180	0	1	0	0	4	6
186385	0	4	0	0	1	0
98605	0	1	0	2	1	0
81191	0	1	0	0	0	0
4434334	0	2	0	0	0	52
154337	0	1	0	0	0	0
3035308	0	2	0	6	0	0
4111715	0	1	0	1	1	0
183601	0	1	0	1	0	3
364341	0	1	0	23	0	0
196061	0	1	0	0	0	0
591635	0	2	0	0	0	0
360000	0	1	2	2	1	0
539915	0	1	0	1	0	0
3697034	0	1	0	0	0	2
4305372	0	1	0	0	0	0
621166	0	1	0	0	0	0
533903	0	1	0	0	0	0
977027	0	1	0	0	2	0
294885	0	1	0	1	0	0
1111006	0	1	0	0	0	0
198956	0	1	0	5	16	7
1024529	0	1	0	0	0	0
179402	0	2	1	1	0	0
308760	0	1	0	0	0	0
925031	0	1	0	1	0	0
941252	0	1	0	0	0	0
243315	0	1	0	0	0	0
361082	0	1	0	0	0	0
533133	0	1	0	6	0	0
4448928	0	1	1	0	0	0
191110	0	1	0	0	0	0
511795	0	1	0	5	0	0
356011	0	1	0	0	0	0
637409	0	1	0	0	0	8
540086	0	1	0	0	0	0
187504	0	1	0	1	3	10
764682	0	1	0	0	0	0
1110985	0	1	0	0	1	0
350091	0	1	2	1	1	10
174516	0	1	0	131	0	0
142908	0	1	0	0	0	0
508968	0	1	3	22	15	24
1108339	0	1	0	0	0	0
767863	0	1	0	0	0	2
3643988	0	2	0	0	0	0
1110836	0	1	0	0	0	0
4349867	0	1	0	0	0	0
692823	0	1	0	0	0	1
513935	0	2	0	1	0	1
4475784	0	2	0	0	0	7
585435	0	1	0	0	0	0
533373	0	1	0	0	0	0
1107510	0	1	0	0	1	0
270409	0	1	0	0	0	0
353782	0	1	0	0	0	0
1108591	0	1	0	0	0	0
4335578	0	1	0	0	0	4
164413	0	1	0	0	0	0
537098	0	1	0	0	0	0
191595	0	1	0	0	0	0
620935	0	1	0	0	0	0
197500	0	1	0	0	0	1
516022	0	1	0	8	0	18
189996	0	1	0	0	0	0
540862	0	1	0	0	0	0
272886	0	1	0	0	0	0
3876673	0	1	0	1	0	0
3682570	0	1	0	0	0	0
4431803	0	1	0	0	0	1
360808	0	1	0	0	0	0
1111782	0	1	0	2	1	0
189645	0	1	0	0	0	0
4363793	0	1	0	0	0	0
192438	0	1	0	0	5	5
1000273	0	1	3	0	0	0
1820513	0	0	45	4	0	0
2530636	0	0	60	4	0	0
178607	0	0	1	6	1	0
358493	0	0	9	1	0	0
168289	0	0	2	11	0	0
4369878	0	0	2	0	0	1
849393	0	0	1	0	0	0
341920	0	0	1	13	0	0
208972	0	0	5	0	0	0
223773	0	0	36	1	0	0
836050	0	0	78	5	1	0
297111	0	0	1	3	0	0
1082539	0	0	2	2	0	0
826624	0	0	1	0	0	0
349065	0	0	37	2	0	0
187179	0	0	23	4	0	0
333166	0	0	8	34	7	0
312628	0	0	2	12	0	0
197095	0	0	8	1	0	2
214036	0	0	2	1	0	0
318970	0	0	1	1	1	0
237265	0	0	9	0	0	0
188706	0	0	2	0	1	0
349789	0	0	1	0	0	0
1108449	0	0	15	2	0	0
1677528	0	0	2	1	4	0
302539	0	0	1	0	0	0
2201995	0	0	7	1	0	0
821712	0	0	1	0	0	0
187594	0	0	1	0	0	0
193336	0	0	3	35	25	19
182668	0	0	4	55	28	115
585869	0	0	1	0	0	0
369555	0	0	33	6	0	0
25947	0	0	2	0	0	2
326626	0	0	1	0	0	0
345111	0	0	1	23	8	71
232975	0	0	2	4	0	0
832846	0	0	3	0	0	0
176645	0	0	2	1	0	0
4473506	0	0	3	0	0	0
562924	0	0	1	1	0	1
584463	0	0	2	0	0	0
2386814	0	0	1	0	0	0
367232	0	0	1	0	0	0
1069478	0	0	7	0	0	0
4331760	0	0	1	1	1	17
224379	0	0	1	0	0	0
264343	0	0	3	0	0	0
196831	0	0	1	1	0	2
617766	0	0	2	0	0	0
327218	0	0	3	4	0	0
190155	0	0	3	2	1	1
186262	0	0	7	15	6	6
230897	0	0	3	0	0	0
168254	0	0	1	0	0	0
185420	0	0	2	3	30	856
1111883	0	0	1	0	0	1
290715	0	0	1	0	0	0
177484	0	0	1	0	0	0
4350593	0	0	1	0	0	0
4407515	0	0	1	1	131	26
340995	0	0	4	2	0	0
4426641	0	0	3	2	0	0
1132235	0	0	2	0	0	0
767207	0	0	2	0	0	0
2561267	0	0	1	0	0	0
1111584	0	0	9	0	0	0
1062061	0	0	3	23	2	10
4256470	0	0	1	0	13	16
541318	0	0	6	0	0	0
343389	0	0	2	0	0	0
190251	0	0	2	11	2	1
355975	0	0	1	40	89	7
276236	0	0	1	0	0	0
4462613	0	0	1	0	0	0
565357	0	0	2	2	0	0
461795	0	0	1	0	0	0
176108	0	0	4	9	0	22
196632	0	0	3	8	1	14
349018	0	0	1	0	0	0
191872	0	0	1	3	1	0
212686	0	0	2	1	0	0
362991	0	0	2	4	0	0
148003	0	0	1	0	1	0
1091625	0	0	1	0	0	0
4434294	0	0	2	0	0	0
296394	0	0	1	1	0	0
3141094	0	0	1	0	0	9
189708	0	0	2	13	1	3
289293	0	0	1	0	0	0
965853	0	0	1	0	0	0
311961	0	0	1	3	2	1
176269	0	0	1	6	1	0
300136	0	0	1	9	0	0
410242	0	0	1	1	0	0
158314	0	0	5	1	0	0
185659	0	0	1	0	0	0
550937	0	0	1	0	0	0
575041	0	0	1	2	1	56
199761	0	0	2	9	2	7
158711	0	0	1	0	5	4
157454	0	0	1	0	0	0
581189	0	0	1	0	0	1
1974538	0	0	2	0	0	0
2280817	0	0	1	9	0	0
157424	0	0	4	3	0	0
300978	0	0	1	42	2	34
299851	0	0	1	0	0	0
187056	0	0	1	0	0	0
4450533	0	0	1	0	0	0
197274	0	0	1	2	0	3
196047	0	0	1	0	0	0
124470	0	0	1	1	0	0
753294	0	0	1	0	0	0
352529	0	0	1	1	0	5
4366365	0	0	1	2	0	0
196713	0	0	1	3	2	0
843785	0	0	1	2	0	0
369996	0	0	1	1	1	1
217093	0	0	1	0	0	0
564140	0	0	2	26	17	43
4430952	0	0	1	3	0	0
197832	0	0	1	0	0	0
345717	0	0	2	2	0	0
593965	0	0	1	20	1	0
584263	0	0	1	0	0	0
188658	0	0	1	1	0	0
81029	0	0	1	0	0	0
514996	0	0	1	25	2	0
206233	0	0	2	0	0	0
333886	0	0	1	15	0	57
175241	0	0	2	33	2	100
187569	0	0	1	1	2	0
312082	0	0	1	0	0	0
197943	0	0	1	4	1	0
647343	0	0	1	0	0	4
361683	0	0	1	1	0	0
90487	0	0	1	0	0	0
198967	0	0	2	4	2	137
327969	0	0	1	0	0	0
179358	0	0	1	2	0	0
180927	0	0	1	1	0	0
228113	0	0	1	0	0	0
268361	0	0	1	0	0	0
1107761	0	0	1	0	0	0
326609	0	0	1	1	0	1
329073	0	0	1	0	0	0
366584	0	0	1	22	0	0
296010	0	0	1	0	0	0
4483963	0	0	1	0	1	0
297438	0	0	1	0	0	0
181204	0	0	1	5	13	30
4443664	0	0	1	0	2	0
198198	0	0	1	0	0	0
926461	0	0	1	0	0	0
194667	0	0	2	3	0	0
179095	0	0	1	0	0	0
4340420	0	0	2	0	0	0
617861	0	0	1	0	0	0
208949	0	0	1	0	1	0
326486	0	0	1	1	2	1
341622	0	0	1	11	5	8
180771	0	0	1	13	1	0
348227	0	0	1	0	0	0
4357222	0	0	2	0	0	0
194756	0	0	2	1	0	0
110059	0	0	1	0	0	0
358333	0	0	1	10	2	7
350865	0	0	1	2	1	0
4330489	0	0	1	0	0	0
178183	0	0	1	1	0	162
4437174	0	0	1	0	0	0
184030	0	0	1	0	0	0
4421998	0	0	2	0	1	2
1102477	0	0	1	1	0	6
576010	0	0	1	0	0	0
1109372	0	0	1	0	0	0
369027	0	0	1	2	0	0
590175	0	0	1	1	3	0
4308739	0	0	1	0	0	0
4481613	0	0	1	1	0	0
4411385	0	0	1	1	0	0
3104855	0	0	1	6	0	8
586141	0	0	1	0	0	0
147969	0	0	1	3	0	0
1110976	0	0	1	0	0	0
3585003	0	0	1	0	0	0
1108078	0	0	1	0	0	0
2331530	0	0	1	0	1	4
514773	0	0	1	11	0	0
1089504	0	0	1	0	0	0
269657	0	0	1	0	0	0
205934	0	0	1	0	0	0
4376028	0	0	1	1	1	0
4381529	0	0	1	0	0	0
1531298	0	0	1	1	2	7
319621	0	0	1	2	1	2
1061772	0	0	1	0	0	0
652823	0	0	1	1	1	5
294791	0	0	1	0	0	0
1013014	0	0	1	0	0	0
280706	0	0	1	0	1	0
869324	0	0	1	4	0	0
526358	0	0	1	0	0	0
4405482	0	0	1	0	0	0
1143674	0	0	1	0	0	0
366633	0	0	1	0	0	0
552380	0	0	1	0	0	0
589475	0	0	1	0	0	0
783291	0	0	0	3	0	0
182383	0	0	0	4	1	4
1110988	0	0	0	17	0	1
180401	0	0	0	2	0	0
583398	0	0	0	2	0	1
364736	0	0	0	1	0	1
2210028	0	0	0	1	0	0
182538	0	0	0	9	0	0
188158	0	0	0	1	1	0
553653	0	0	0	2	0	0
520774	0	0	0	7	4	1
772282	0	0	0	39	0	10
187780	0	0	0	3	1	5
191874	0	0	0	1	0	0
182149	0	0	0	41	3	3
173996	0	0	0	6	1	0
310071	0	0	0	1	0	0
356042	0	0	0	1	1	0
180881	0	0	0	1	0	0
184234	0	0	0	4	4	0
107098	0	0	0	1	0	0
1084045	0	0	0	6	0	1
197279	0	0	0	1	0	0
373928	0	0	0	6	0	14
178849	0	0	0	4	1	0
663500	0	0	0	12	0	0
215963	0	0	0	23	0	0
175148	0	0	0	1	3	4
370098	0	0	0	1	1	0
194297	0	0	0	1	0	0
194001	0	0	0	2	2	0
586968	0	0	0	5	0	0
197324	0	0	0	45	0	0
319438	0	0	0	3	1	3
195213	0	0	0	5	3	2
362078	0	0	0	10	3	1
193312	0	0	0	4	1	1
191332	0	0	0	7	0	4
197343	0	0	0	3	0	0
354387	0	0	0	9	0	1
296165	0	0	0	1	0	0
588315	0	0	0	12	2	0
369843	0	0	0	2	1	19
363646	0	0	0	40	1	0
308333	0	0	0	23	79	84
178485	0	0	0	1	0	0
4474593	0	0	0	1	0	2
189091	0	0	0	2	0	0
193946	0	0	0	13	0	2
4335582	0	0	0	1	0	0
885437	0	0	0	5	1	2
3779896	0	0	0	1	0	0
191755	0	0	0	15	0	0
292633	0	0	0	2	0	0
309929	0	0	0	3	0	0
189817	0	0	0	58	7	6
352747	0	0	0	11	7	15
4463579	0	0	0	8	0	4
592372	0	0	0	2	0	0
181174	0	0	0	1	0	0
357261	0	0	0	21	0	33
366237	0	0	0	8	9	10
195211	0	0	0	1	0	1
330193	0	0	0	1	0	0
2196877	0	0	0	7	0	0
523140	0	0	0	1	4	0
353149	0	0	0	35	29	0
179534	0	0	0	2	2	2
198426	0	0	0	1	0	1
185141	0	0	0	3	0	6
358781	0	0	0	5	9	0
174489	0	0	0	8	2	1
4322712	0	0	0	28	0	0
194654	0	0	0	7	0	0
304183	0	0	0	1	0	0
850905	0	0	0	1	0	0
576166	0	0	0	1	1	2
175373	0	0	0	11	0	0
4356307	0	0	0	2	0	0
294022	0	0	0	2	0	0
174792	0	0	0	3	5	0
181702	0	0	0	1	0	0
4464267	0	0	0	1	0	0
192485	0	0	0	19	1	0
338757	0	0	0	5	2	0
196957	0	0	0	16	1	0
4314737	0	0	0	1	0	0
4332878	0	0	0	3	0	0
825808	0	0	0	2	0	0
367688	0	0	0	15	0	0
179620	0	0	0	12	0	0
187782	0	0	0	1	0	0
560836	0	0	0	1	0	0
370046	0	0	0	9	3	20
183873	0	0	0	2	0	0
360147	0	0	0	2	1	0
197080	0	0	0	2	1	0
215266	0	0	0	44	0	0
585220	0	0	0	3	0	0
2498994	0	0	0	20	2	121
4379957	0	0	0	4	0	0
180090	0	0	0	6	0	0
179279	0	0	0	1	0	0
583746	0	0	0	8	0	0
538000	0	0	0	6	3	0
355154	0	0	0	2	0	0
215269	0	0	0	2	0	0
331116	0	0	0	1	1	0
4303016	0	0	0	1	0	0
310301	0	0	0	12	1	0
301253	0	0	0	1	0	0
3115852	0	0	0	19	4	23
4300206	0	0	0	23	0	0
1085410	0	0	0	2	0	0
375067	0	0	0	6	1	1
1056058	0	0	0	3	0	2
180257	0	0	0	1	0	0
191148	0	0	0	14	1	0
765240	0	0	0	1	0	0
364563	0	0	0	3	0	0
4438166	0	0	0	1	0	0
151835	0	0	0	1	0	0
183864	0	0	0	27	1	1
535549	0	0	0	7	0	0
219959	0	0	0	3	0	0
194556	0	0	0	24	21	87
592616	0	0	0	8	0	1
188931	0	0	0	1	0	0
564914	0	0	0	4	0	1
186640	0	0	0	10	0	0
174818	0	0	0	5	1	0
3474081	0	0	0	1	1	0
4473763	0	0	0	1	0	0
582691	0	0	0	11	0	0
132661	0	0	0	4	0	0
91147	0	0	0	2	0	8
544851	0	0	0	10	0	6
182577	0	0	0	4	0	0
196787	0	0	0	3	1	0
177061	0	0	0	7	5	1
173851	0	0	0	2	0	0
349786	0	0	0	2	0	0
842291	0	0	0	1	0	0
1703712	0	0	0	2	2	6
190523	0	0	0	4	1	0
198127	0	0	0	4	1	1
187883	0	0	0	4	1	0
344430	0	0	0	3	1	1
368318	0	0	0	3	0	4
193873	0	0	0	4	0	0
180473	0	0	0	1	0	0
554904	0	0	0	1	0	0
194660	0	0	0	8	6	3
4416763	0	0	0	1	0	0
192308	0	0	0	3	1	0
299820	0	0	0	4	1	12
350666	0	0	0	2	2	0
133065	0	0	0	1	0	0
190607	0	0	0	4	1	0
4451899	0	0	0	1	0	0
196307	0	0	0	12	1	2
194868	0	0	0	5	0	3
4189999	0	0	0	2	0	1
905774	0	0	0	3	0	0
195166	0	0	0	1	0	0
551822	0	0	0	1	1	27
187404	0	0	0	1	0	0
345763	0	0	0	5	4	42
193477	0	0	0	1	0	0
517797	0	0	0	4	0	0
199344	0	0	0	5	0	1
188348	0	0	0	5	0	0
180874	0	0	0	2	1	0
4348151	0	0	0	3	1	2
3236435	0	0	0	3	0	3
146665	0	0	0	1	0	0
315982	0	0	0	2	0	0
2901965	0	0	0	6	0	8
190299	0	0	0	1	1	0
189760	0	0	0	8	0	0
193174	0	0	0	1	1	0
189450	0	0	0	2	1	0
197750	0	0	0	14	2	1
166848	0	0	0	4	0	2
2831841	0	0	0	1	0	0
357168	0	0	0	18	3	31
198928	0	0	0	13	6	0
157455	0	0	0	4	0	0
176173	0	0	0	1	1	0
186011	0	0	0	2	0	0
529789	0	0	0	16	1	0
4482110	0	0	0	5	0	0
186812	0	0	0	1	0	0
579311	0	0	0	1	0	0
352347	0	0	0	7	2	0
571406	0	0	0	3	0	0
846141	0	0	0	2	3	0
720944	0	0	0	1	0	1
310160	0	0	0	1	1	0
187706	0	0	0	5	0	0
4428998	0	0	0	2	0	3
4476186	0	0	0	1	1	0
341453	0	0	0	3	0	0
3440955	0	0	0	1	0	0
2358923	0	0	0	1	0	0
759916	0	0	0	2	0	1
1076818	0	0	0	1	0	0
183781	0	0	0	6	3	0
653753	0	0	0	1	2	1
518743	0	0	0	2	0	0
299858	0	0	0	2	0	0
315978	0	0	0	6	0	0
368486	0	0	0	2	0	0
585227	0	0	0	7	1	9
2442706	0	0	0	8	0	0
3532907	0	0	0	1	0	0
189152	0	0	0	4	5	2
15728	0	0	0	3	2	7
3272764	0	0	0	1	1	0
4338156	0	0	0	2	0	0
767063	0	0	0	1	0	1
177040	0	0	0	3	0	0
194223	0	0	0	10	1	0
302545	0	0	0	1	0	0
4336729	0	0	0	1	0	0
531067	0	0	0	1	0	0
177466	0	0	0	7	0	0
2868079	0	0	0	1	0	0
242098	0	0	0	4	0	0
191412	0	0	0	2	0	0
196246	0	0	0	22	0	0
199147	0	0	0	3	0	0
195177	0	0	0	1	1	0
167514	0	0	0	1	0	0
514940	0	0	0	3	0	0
175630	0	0	0	1	0	0
182261	0	0	0	1	0	0
1111216	0	0	0	1	0	0
197970	0	0	0	5	0	0
369097	0	0	0	4	0	0
546876	0	0	0	7	0	0
2902741	0	0	0	1	1	7
2066056	0	0	0	3	0	0
1098634	0	0	0	1	0	0
201374	0	0	0	1	0	0
299302	0	0	0	3	0	1
369182	0	0	0	9	1	0
4339831	0	0	0	1	0	0
816670	0	0	0	1	0	0
192383	0	0	0	1	0	1
299419	0	0	0	1	0	0
513500	0	0	0	5	0	0
328659	0	0	0	2	0	0
360730	0	0	0	5	0	0
195270	0	0	0	4	0	0
1136762	0	0	0	1	0	0
591499	0	0	0	1	0	0
4479397	0	0	0	1	2	4
149131	0	0	0	1	0	0
190705	0	0	0	16	6	20
183087	0	0	0	3	0	0
185840	0	0	0	1	0	0
908663	0	0	0	1	0	0
366147	0	0	0	5	0	0
368261	0	0	0	1	0	1
183973	0	0	0	4	1	0
291512	0	0	0	2	0	0
174943	0	0	0	1	0	0
4336940	0	0	0	1	0	0
183708	0	0	0	2	0	0
182274	0	0	0	2	0	0
176057	0	0	0	2	0	0
315391	0	0	0	4	0	0
2137906	0	0	0	4	0	2
341024	0	0	0	5	1	1
3195500	0	0	0	8	6	0
176750	0	0	0	1	0	1
333042	0	0	0	1	0	0
193484	0	0	0	1	0	0
190984	0	0	0	2	0	0
175559	0	0	0	1	0	1
192258	0	0	0	1	0	1
4424239	0	0	0	7	0	0
197203	0	0	0	1	0	0
178055	0	0	0	1	0	0
323903	0	0	0	2	0	0
176742	0	0	0	4	1	2
183676	0	0	0	4	4	1
3318103	0	0	0	2	0	0
3708846	0	0	0	1	0	0
7369	0	0	0	1	0	4
4321292	0	0	0	6	0	0
193679	0	0	0	3	1	0
180468	0	0	0	3	0	0
1895780	0	0	0	1	0	1
4352648	0	0	0	1	1	0
336830	0	0	0	5	0	0
183703	0	0	0	20	1	5
319938	0	0	0	1	0	0
193061	0	0	0	3	1	0
217109	0	0	0	2	0	0
4371302	0	0	0	2	0	0
29495	0	0	0	2	7	2
527988	0	0	0	1	0	0
180754	0	0	0	1	0	0
403701	0	0	0	2	0	0
182588	0	0	0	9	1	1
197649	0	0	0	2	0	0
287547	0	0	0	12	0	0
351663	0	0	0	2	0	0
137464	0	0	0	1	0	0
187962	0	0	0	1	0	0
185972	0	0	0	1	0	0
2123717	0	0	0	2	0	0
356164	0	0	0	1	1	0
954381	0	0	0	2	0	0
295654	0	0	0	2	0	0
518033	0	0	0	1	0	8
192048	0	0	0	2	0	0
528652	0	0	0	1	0	0
185203	0	0	0	3	0	0
1098340	0	0	0	2	0	1
3294726	0	0	0	2	0	5
519882	0	0	0	1	0	0
456774	0	0	0	2	0	0
563572	0	0	0	2	1	0
181575	0	0	0	1	1	3
359872	0	0	0	1	0	0
820458	0	0	0	1	0	0
176204	0	0	0	1	0	0
307536	0	0	0	1	0	0
360311	0	0	0	1	0	0
933439	0	0	0	1	0	0
352852	0	0	0	3	1	2
364034	0	0	0	6	0	0
177421	0	0	0	1	0	0
199036	0	0	0	2	1	0
86428	0	0	0	1	0	0
176806	0	0	0	4	0	0
370357	0	0	0	6	1	0
142147	0	0	0	1	1	0
188749	0	0	0	2	0	0
197830	0	0	0	1	0	0
197897	0	0	0	1	0	1
4282096	0	0	0	8	0	0
1607319	0	0	0	9	4	16
500083	0	0	0	1	0	0
591785	0	0	0	12	0	0
872227	0	0	0	2	0	1
2497035	0	0	0	2	0	0
184996	0	0	0	2	0	0
185809	0	0	0	1	0	0
551902	0	0	0	2	0	0
341322	0	0	0	3	0	0
289918	0	0	0	1	0	0
823634	0	0	0	6	0	0
837859	0	0	0	1	0	0
186852	0	0	0	1	0	0
513774	0	0	0	1	0	0
178001	0	0	0	1	0	0
1073276	0	0	0	8	0	5
1977254	0	0	0	1	0	0
185667	0	0	0	1	1	1
1108726	0	0	0	2	5	0
319455	0	0	0	2	0	0
4329112	0	0	0	5	2	3
275237	0	0	0	1	0	0
176115	0	0	0	1	0	0
195757	0	0	0	4	1	1
3540765	0	0	0	1	0	0
1066621	0	0	0	4	0	0
4410938	0	0	0	5	0	0
198774	0	0	0	1	0	0
207126	0	0	0	2	0	0
186389	0	0	0	2	1	0
173135	0	0	0	5	2	6
1868703	0	0	0	3	0	0
198824	0	0	0	3	1	0
4128381	0	0	0	1	0	0
513985	0	0	0	3	0	4
4453501	0	0	0	1	0	0
178839	0	0	0	1	0	16
189524	0	0	0	1	1	1
322114	0	0	0	1	0	0
752354	0	0	0	3	11	0
290833	0	0	0	2	0	1
1125320	0	0	0	2	0	0
215855	0	0	0	1	0	3
359762	0	0	0	1	0	0
146554	0	0	0	1	2	0
4401374	0	0	0	1	0	0
193213	0	0	0	5	1	0
361727	0	0	0	7	6	2
4457438	0	0	0	2	0	9
269937	0	0	0	4	0	0
180037	0	0	0	2	0	0
1106861	0	0	0	4	2	2
178217	0	0	0	1	0	0
523668	0	0	0	1	0	0
554304	0	0	0	2	0	0
514086	0	0	0	2	0	0
266445	0	0	0	2	0	0
158438	0	0	0	3	0	0
188194	0	0	0	1	0	0
195721	0	0	0	1	0	0
1134608	0	0	0	1	0	0
198555	0	0	0	2	0	0
768553	0	0	0	2	0	0
812219	0	0	0	1	0	0
337914	0	0	0	1	0	0
185175	0	0	0	3	0	0
838297	0	0	0	1	0	0
179812	0	0	0	2	0	0
4469032	0	0	0	1	0	0
195808	0	0	0	2	0	0
517583	0	0	0	1	0	0
185113	0	0	0	6	1	0
300644	0	0	0	4	4	8
210542	0	0	0	1	0	0
177567	0	0	0	4	0	0
192093	0	0	0	1	3	2
463361	0	0	0	3	0	0
4380450	0	0	0	1	0	0
4404925	0	0	0	4	0	0
194792	0	0	0	1	0	0
174749	0	0	0	1	0	0
338069	0	0	0	9	0	0
198117	0	0	0	2	2	0
4332428	0	0	0	1	0	0
174360	0	0	0	2	0	0
2054556	0	0	0	1	0	0
351880	0	0	0	3	3	1
556247	0	0	0	1	0	0
181934	0	0	0	3	0	0
367814	0	0	0	1	0	0
724472	0	0	0	1	0	0
1057169	0	0	0	1	0	0
292192	0	0	0	2	0	0
320768	0	0	0	1	0	0
185550	0	0	0	1	0	0
110562	0	0	0	1	0	0
2250985	0	0	0	3	1	0
346804	0	0	0	4	0	1
177058	0	0	0	4	0	1
163243	0	0	0	1	0	0
198786	0	0	0	2	0	1
191355	0	0	0	2	0	0
311947	0	0	0	4	0	11
2700883	0	0	0	2	0	0
364227	0	0	0	1	0	0
580090	0	0	0	4	2	24
586019	0	0	0	1	0	0
191582	0	0	0	3	0	0
174862	0	0	0	5	0	0
73609	0	0	0	3	0	12
563086	0	0	0	3	0	3
4481195	0	0	0	2	0	0
185949	0	0	0	4	1	0
317677	0	0	0	1	0	0
188863	0	0	0	3	1	0
197864	0	0	0	1	0	0
716984	0	0	0	1	0	0
199543	0	0	0	3	0	0
3043332	0	0	0	1	0	0
2979308	0	0	0	1	0	0
848615	0	0	0	1	0	0
175619	0	0	0	1	0	0
192935	0	0	0	2	1	2
4329132	0	0	0	1	1	0
835795	0	0	0	2	0	0
306896	0	0	0	3	0	0
290281	0	0	0	1	0	0
197988	0	0	0	3	0	2
3638321	0	0	0	1	0	0
367790	0	0	0	1	0	1
363442	0	0	0	1	1	0
191928	0	0	0	1	0	0
174625	0	0	0	3	0	0
305561	0	0	0	1	0	0
188454	0	0	0	1	0	0
196428	0	0	0	3	0	7
359149	0	0	0	1	0	2
20321	0	0	0	1	0	0
347226	0	0	0	1	0	0
4431545	0	0	0	2	0	2
177005	0	0	0	1	0	0
528715	0	0	0	1	0	0
539819	0	0	0	1	0	0
179609	0	0	0	2	0	0
198910	0	0	0	1	0	0
197505	0	0	0	1	0	5
288249	0	0	0	1	0	0
353784	0	0	0	3	0	0
519763	0	0	0	1	0	0
841907	0	0	0	1	0	0
548503	0	0	0	3	2	4
3507744	0	0	0	2	3	7
236087	0	0	0	3	0	0
1131759	0	0	0	1	1	0
170020	0	0	0	1	0	0
177150	0	0	0	2	0	0
287508	0	0	0	2	0	0
560535	0	0	0	2	2	6
535348	0	0	0	1	0	0
300829	0	0	0	1	0	0
4371341	0	0	0	1	0	0
300658	0	0	0	1	0	0
271277	0	0	0	1	0	0
366222	0	0	0	2	0	0
191050	0	0	0	1	0	0
192046	0	0	0	2	0	0
186077	0	0	0	1	0	0
314406	0	0	0	2	0	0
807046	0	0	0	1	0	0
177463	0	0	0	4	1	0
158625	0	0	0	1	0	0
198584	0	0	0	2	1	0
2148365	0	0	0	1	0	0
519437	0	0	0	1	0	0
175264	0	0	0	2	1	0
4474255	0	0	0	1	0	0
187248	0	0	0	1	0	0
831996	0	0	0	1	0	0
319672	0	0	0	1	0	0
2996838	0	0	0	1	0	0
204864	0	0	0	1	0	0
179273	0	0	0	1	0	0
349882	0	0	0	1	0	0
355196	0	0	0	2	0	0
174143	0	0	0	3	0	0
4437364	0	0	0	1	0	0
802262	0	0	0	1	0	0
199054	0	0	0	1	0	0
578995	0	0	0	1	0	0
305318	0	0	0	1	0	0
133892	0	0	0	2	2	0
269873	0	0	0	1	0	0
185765	0	0	0	3	0	0
191391	0	0	0	5	0	0
2814830	0	0	0	1	0	0
571178	0	0	0	2	0	0
4361528	0	0	0	1	0	0
314433	0	0	0	2	0	9
368127	0	0	0	1	0	0
31171	0	0	0	2	0	0
4234212	0	0	0	1	4	17
531436	0	0	0	1	0	0
830280	0	0	0	1	0	0
4318208	0	0	0	2	0	0
350503	0	0	0	2	0	0
195028	0	0	0	3	0	1
187932	0	0	0	1	2	0
396697	0	0	0	5	0	0
192818	0	0	0	1	1	3
2283862	0	0	0	1	0	0
192936	0	0	0	1	0	0
4418787	0	0	0	1	0	0
339685	0	0	0	1	0	0
834809	0	0	0	1	0	0
4297420	0	0	0	4	0	0
177172	0	0	0	1	0	0
191683	0	0	0	2	1	0
2938041	0	0	0	2	0	0
189208	0	0	0	1	3	0
197273	0	0	0	8	0	1
336375	0	0	0	1	0	3
181139	0	0	0	3	6	2
198909	0	0	0	3	6	0
790026	0	0	0	1	0	0
198626	0	0	0	2	1	0
851726	0	0	0	1	0	0
2056188	0	0	0	2	0	0
193778	0	0	0	1	10	3
2160415	0	0	0	1	0	0
181008	0	0	0	1	3	1
188851	0	0	0	1	0	0
177677	0	0	0	1	0	0
4425512	0	0	0	3	0	0
331575	0	0	0	1	0	0
848915	0	0	0	1	0	0
1776713	0	0	0	1	0	1
550333	0	0	0	1	0	0
4397092	0	0	0	1	0	0
3319304	0	0	0	2	0	1
352215	0	0	0	5	0	0
198067	0	0	0	2	4	3
182729	0	0	0	2	1	0
279107	0	0	0	1	0	0
4226929	0	0	0	1	0	14
175397	0	0	0	2	0	0
178980	0	0	0	2	0	1
178042	0	0	0	3	3	2
195143	0	0	0	1	1	0
199354	0	0	0	3	0	3
164259	0	0	0	1	0	0
189588	0	0	0	2	0	0
363017	0	0	0	2	0	0
513646	0	0	0	1	0	0
302352	0	0	0	1	0	0
196599	0	0	0	1	0	3
358798	0	0	0	1	0	0
298163	0	0	0	5	0	0
364824	0	0	0	8	1	0
328936	0	0	0	1	0	0
182799	0	0	0	3	0	0
529940	0	0	0	2	0	0
308072	0	0	0	7	0	5
216010	0	0	0	1	0	0
194534	0	0	0	2	0	0
292260	0	0	0	1	0	0
350970	0	0	0	2	0	0
576472	0	0	0	1	0	0
179785	0	0	0	2	1	0
181417	0	0	0	1	0	0
203713	0	0	0	1	0	0
307978	0	0	0	1	0	0
1111350	0	0	0	2	0	0
309696	0	0	0	1	0	0
1019878	0	0	0	2	0	0
4428313	0	0	0	1	0	0
558420	0	0	0	1	0	0
766113	0	0	0	1	0	10
4333652	0	0	0	1	0	0
4386814	0	0	0	1	1	0
190335	0	0	0	1	0	0
355246	0	0	0	1	0	1
1015154	0	0	0	1	0	0
215697	0	0	0	2	4	10
177760	0	0	0	1	0	0
189866	0	0	0	1	0	1
277626	0	0	0	1	0	0
183144	0	0	0	1	0	0
132041	0	0	0	1	0	2
181529	0	0	0	2	0	0
923098	0	0	0	1	0	0
585574	0	0	0	1	1	0
199692	0	0	0	5	0	0
180509	0	0	0	1	0	0
252773	0	0	0	1	0	0
190577	0	0	0	3	0	0
181853	0	0	0	3	2	0
587516	0	0	0	1	2	2
916510	0	0	0	1	0	0
198839	0	0	0	1	0	0
4094259	0	0	0	2	0	0
276172	0	0	0	1	0	0
4448492	0	0	0	2	0	0
2341726	0	0	0	1	0	0
919158	0	0	0	2	0	0
183654	0	0	0	1	2	0
1110037	0	0	0	1	0	0
198151	0	0	0	2	1	0
184021	0	0	0	1	0	0
315846	0	0	0	1	68	3576
556126	0	0	0	3	0	0
313387	0	0	0	1	0	0
1109724	0	0	0	1	0	0
196947	0	0	0	1	0	0
367176	0	0	0	2	0	0
609850	0	0	0	1	1	0
184214	0	0	0	1	0	0
182456	0	0	0	1	4	0
516814	0	0	0	1	0	0
345303	0	0	0	2	0	0
821196	0	0	0	2	1	0
174379	0	0	0	1	2	0
322137	0	0	0	1	0	0
199568	0	0	0	2	0	0
166046	0	0	0	1	0	0
2281515	0	0	0	1	0	0
351881	0	0	0	2	0	0
193471	0	0	0	1	0	10
176300	0	0	0	2	1	0
4438090	0	0	0	1	1	0
586517	0	0	0	3	0	0
302553	0	0	0	1	0	0
230421	0	0	0	1	0	0
1791578	0	0	0	1	2	0
187490	0	0	0	1	0	0
4424598	0	0	0	1	0	0
197052	0	0	0	1	1	0
194101	0	0	0	1	0	4
4465072	0	0	0	1	0	0
529740	0	0	0	1	0	0
4217963	0	0	0	1	0	1
195556	0	0	0	1	1	0
30587	0	0	0	1	0	0
332353	0	0	0	1	0	0
195004	0	0	0	1	0	0
190961	0	0	0	1	2	0
397363	0	0	0	1	0	1
190931	0	0	0	2	0	0
185164	0	0	0	1	0	0
4443846	0	0	0	1	1	1
290607	0	0	0	1	0	0
575844	0	0	0	3	0	1
179961	0	0	0	1	1	2
539962	0	0	0	1	0	0
4419650	0	0	0	2	1	0
899488	0	0	0	1	0	0
1594232	0	0	0	1	0	0
4332082	0	0	0	1	1	0
192437	0	0	0	1	0	0
4375664	0	0	0	1	0	0
358410	0	0	0	1	3	2
541275	0	0	0	1	0	0
323619	0	0	0	2	0	0
1006464	0	0	0	1	0	0
299620	0	0	0	2	0	0
136686	0	0	0	1	0	0
361864	0	0	0	1	0	0
1048020	0	0	0	1	0	0
585989	0	0	0	2	0	0
190708	0	0	0	1	3	0
329240	0	0	0	1	2	3
173822	0	0	0	1	0	0
355905	0	0	0	2	0	0
2565100	0	0	0	2	0	2
350256	0	0	0	1	0	0
361297	0	0	0	1	0	0
343313	0	0	0	1	0	0
132670	0	0	0	1	0	0
181155	0	0	0	3	0	0
216111	0	0	0	1	0	0
350668	0	0	0	1	0	0
360508	0	0	0	1	1	2
189384	0	0	0	1	3	1
187882	0	0	0	2	0	0
321693	0	0	0	1	0	0
189754	0	0	0	3	0	0
182854	0	0	0	1	0	0
285497	0	0	0	1	0	0
338381	0	0	0	1	0	0
354920	0	0	0	1	0	0
255530	0	0	0	1	0	0
552235	0	0	0	1	0	30
1107327	0	0	0	1	0	0
4480970	0	0	0	1	0	0
3524537	0	0	0	1	0	0
187210	0	0	0	1	0	0
3702911	0	0	0	1	1	0
44827	0	0	0	1	0	0
176470	0	0	0	1	0	0
4281639	0	0	0	2	0	0
3390534	0	0	0	2	1	0
2544615	0	0	0	1	0	0
164145	0	0	0	2	0	1
321875	0	0	0	1	0	0
197207	0	0	0	2	1	1
1775194	0	0	0	1	0	0
813542	0	0	0	1	0	0
196215	0	0	0	1	2	0
4395397	0	0	0	1	0	0
386977	0	0	0	1	0	0
342110	0	0	0	2	0	0
209760	0	0	0	2	1	4
4206904	0	0	0	1	0	1
180801	0	0	0	3	0	0
15571	0	0	0	1	0	1
312311	0	0	0	3	1	0
193780	0	0	0	1	0	0
175036	0	0	0	2	0	0
4317113	0	0	0	2	0	0
339457	0	0	0	2	0	0
165935	0	0	0	1	0	0
833317	0	0	0	1	0	1
178517	0	0	0	1	0	0
365510	0	0	0	2	0	1
577393	0	0	0	1	0	0
193906	0	0	0	2	0	0
173986	0	0	0	1	0	3
505549	0	0	0	2	0	0
2438203	0	0	0	1	0	0
532569	0	0	0	1	0	0
467605	0	0	0	1	0	0
186851	0	0	0	5	0	6
187917	0	0	0	1	1	0
189478	0	0	0	1	0	0
341953	0	0	0	2	0	0
369014	0	0	0	2	0	1
3709560	0	0	0	1	0	0
184990	0	0	0	1	0	0
194925	0	0	0	1	0	0
193089	0	0	0	1	0	0
174301	0	0	0	1	0	0
187265	0	0	0	1	0	0
514257	0	0	0	1	0	0
184553	0	0	0	1	0	0
176014	0	0	0	5	0	0
355307	0	0	0	1	55	81
184142	0	0	0	1	0	0
968954	0	0	0	4	0	1
112070	0	0	0	1	0	0
364109	0	0	0	1	4	8
176113	0	0	0	1	2	0
4381338	0	0	0	2	0	0
842193	0	0	0	1	0	0
2447244	0	0	0	1	0	0
177623	0	0	0	1	0	0
192133	0	0	0	1	0	0
186687	0	0	0	1	2	0
176192	0	0	0	2	0	0
175741	0	0	0	1	0	0
527751	0	0	0	1	4	0
180220	0	0	0	1	0	0
109382	0	0	0	1	0	0
192774	0	0	0	1	0	0
661266	0	0	0	2	0	0
1107758	0	0	0	1	0	1
326095	0	0	0	1	0	0
197442	0	0	0	1	0	0
182184	0	0	0	2	1	0
196909	0	0	0	1	0	0
849160	0	0	0	1	0	0
543348	0	0	0	1	0	0
109616	0	0	0	1	0	0
1035392	0	0	0	1	0	0
1738676	0	0	0	1	0	0
187038	0	0	0	1	0	0
1111848	0	0	0	1	2	0
560479	0	0	0	1	0	0
241789	0	0	0	1	0	0
188328	0	0	0	1	0	0
187702	0	0	0	2	1	1
366794	0	0	0	1	1	0
299680	0	0	0	1	0	0
4458959	0	0	0	1	0	0
291794	0	0	0	1	0	0
10085	0	0	0	1	0	0
4384044	0	0	0	1	0	0
4333043	0	0	0	2	0	0
300102	0	0	0	1	0	0
188707	0	0	0	1	6	30
291348	0	0	0	1	0	1
195883	0	0	0	1	0	0
561636	0	0	0	3	1	0
206633	0	0	0	1	0	0
168071	0	0	0	3	0	0
4480359	0	0	0	1	0	0
2110315	0	0	0	1	0	0
361722	0	0	0	1	0	0
521577	0	0	0	1	0	0
369077	0	0	0	1	0	0
191112	0	0	0	1	0	0
526875	0	0	0	1	0	0
184984	0	0	0	2	0	0
186714	0	0	0	3	0	0
175708	0	0	0	1	0	0
1109395	0	0	0	1	0	0
331382	0	0	0	1	0	0
731468	0	0	0	1	0	0
524371	0	0	0	1	0	0
337966	0	0	0	1	0	0
766768	0	0	0	1	0	0
230114	0	0	0	1	0	0
183395	0	0	0	1	0	0
114573	0	0	0	1	0	0
325599	0	0	0	1	0	0
189296	0	0	0	1	0	0
177368	0	0	0	1	0	0
365256	0	0	0	1	0	0
307680	0	0	0	1	0	0
186463	0	0	0	1	0	0
3889756	0	0	0	1	0	0
4202174	0	0	0	2	1	21
2655741	0	0	0	1	0	0
2932151	0	0	0	1	0	0
198221	0	0	0	1	0	0
4425254	0	0	0	1	0	0
192282	0	0	0	2	2	1
420168	0	0	0	1	0	0
346600	0	0	0	1	0	0
4297508	0	0	0	1	1	0
3715618	0	0	0	1	0	0
197022	0	0	0	1	0	0
179116	0	0	0	1	0	0
199491	0	0	0	1	0	0
363232	0	0	0	1	1	1
579431	0	0	0	1	0	0
352733	0	0	0	1	2	1
2124531	0	0	0	1	0	0
4310326	0	0	0	1	0	0
60699	0	0	0	1	0	0
176507	0	0	0	1	0	0
181792	0	0	0	1	1	0
194888	0	0	0	1	0	0
190534	0	0	0	1	0	0
551141	0	0	0	1	0	0
179649	0	0	0	1	0	0
346771	0	0	0	1	0	1
183478	0	0	0	1	1	1
4297161	0	0	0	1	0	0
198573	0	0	0	1	0	0
3468943	0	0	0	1	0	0
189407	0	0	0	1	0	0
1143045	0	0	0	1	0	0
184897	0	0	0	1	0	1
138254	0	0	0	1	0	0
196660	0	0	0	1	0	0
554372	0	0	0	1	0	1
17553	0	0	0	1	0	0
806646	0	0	0	1	0	0
198102	0	0	0	1	0	0
197552	0	0	0	1	0	0
318569	0	0	0	1	0	0
584001	0	0	0	1	0	0
307022	0	0	0	1	0	0
332731	0	0	0	1	0	0
195203	0	0	0	2	0	0
188329	0	0	0	1	0	0
196724	0	0	0	1	2	1
174009	0	0	0	1	0	1
194371	0	0	0	1	0	0
194727	0	0	0	1	0	0
194286	0	0	0	1	0	0
299295	0	0	0	1	0	0
341913	0	0	0	1	0	0
271214	0	0	0	1	0	0
181698	0	0	0	1	0	0
292041	0	0	0	1	0	0
180136	0	0	0	1	0	0
182756	0	0	0	1	1	0
759816	0	0	0	1	0	0
806686	0	0	0	1	0	0
192071	0	0	0	1	0	0
213870	0	0	0	1	0	0
558789	0	0	0	1	0	0
197402	0	0	0	1	1	1
288784	0	0	0	1	0	0
537661	0	0	0	1	1	0
4422456	0	0	0	1	0	0
183573	0	0	0	1	0	0
392887	0	0	0	1	0	0
590168	0	0	0	1	0	0
4414478	0	0	0	1	1	0
190653	0	0	0	1	0	0
523471	0	0	0	1	0	0
200664	0	0	0	1	0	0
42372	0	0	0	1	0	0
657390	0	0	0	2	1	0
4382271	0	0	0	1	0	0
3449122	0	0	0	1	0	0
1108470	0	0	0	1	0	0
346720	0	0	0	1	0	1
193850	0	0	0	1	0	0
290468	0	0	0	1	0	0
592866	0	0	0	1	0	0
198478	0	0	0	1	2	2
178799	0	0	0	1	4	3
833458	0	0	0	1	0	0
509383	0	0	0	1	0	0
198119	0	0	0	1	0	0
366500	0	0	0	1	0	0
193592	0	0	0	1	1	0
989579	0	0	0	1	0	0
177100	0	0	0	1	0	0
179659	0	0	0	1	1	0
211354	0	0	0	2	0	0
307113	0	0	0	1	0	0
334215	0	0	0	1	0	12
194033	0	0	0	1	0	0
4334770	0	0	0	1	0	0
198145	0	0	0	1	0	0
174010	0	0	0	1	1	0
1124748	0	0	0	1	0	0
299673	0	0	0	1	0	0
921020	0	0	0	1	0	0
2582660	0	0	0	1	0	0
1129461	0	0	0	1	0	0
185281	0	0	0	1	0	0
187219	0	0	0	1	0	0
4450214	0	0	0	1	0	0
259111	0	0	0	1	0	0
88178	0	0	0	1	0	0
4380345	0	0	0	1	0	0
1105343	0	0	0	1	0	0
308057	0	0	0	1	0	0
558280	0	0	0	1	0	0
3765811	0	0	0	1	0	0
135956	0	0	0	1	0	0
335132	0	0	0	1	0	0
325958	0	0	0	1	1	0
187007	0	0	0	1	0	0
4321001	0	0	0	0	24	1
335762	0	0	0	0	8	10
233220	0	0	0	0	1	0
339886	0	0	0	0	1	0
198636	0	0	0	0	2	1
164271	0	0	0	0	1	0
174093	0	0	0	0	1	0
198597	0	0	0	0	16	5
196482	0	0	0	0	5	13
183385	0	0	0	0	1	5
350619	0	0	0	0	4	5
355424	0	0	0	0	1	0
190169	0	0	0	0	15	0
174016	0	0	0	0	1	0
112952	0	0	0	0	2	0
213671	0	0	0	0	1	10
359120	0	0	0	0	2	8
2113291	0	0	0	0	2	0
363400	0	0	0	0	8	6
193551	0	0	0	0	1	0
187389	0	0	0	0	3	1
193480	0	0	0	0	1	0
132991	0	0	0	0	1	0
190075	0	0	0	0	1	1
184174	0	0	0	0	6	9
4471854	0	0	0	0	1	0
4350035	0	0	0	0	2	4
196893	0	0	0	0	6	0
195801	0	0	0	0	2	1
178352	0	0	0	0	1	0
1106140	0	0	0	0	1	0
2313540	0	0	0	0	1	0
85614	0	0	0	0	1	0
316782	0	0	0	0	3	0
3855938	0	0	0	0	1	16
3262406	0	0	0	0	1	0
195714	0	0	0	0	1	0
4433823	0	0	0	0	2	1
195929	0	0	0	0	1	0
189592	0	0	0	0	1	0
175729	0	0	0	0	1	0
360518	0	0	0	0	1	2
692973	0	0	0	0	1	1
4029584	0	0	0	0	1	0
183414	0	0	0	0	1	0
178439	0	0	0	0	2	0
289306	0	0	0	0	1	1
4331736	0	0	0	0	1	0
178994	0	0	0	0	1	0
336115	0	0	0	0	1	0
198422	0	0	0	0	1	0
302511	0	0	0	0	1	0
183048	0	0	0	0	2	0
3443092	0	0	0	0	2	1
3530697	0	0	0	0	2	1
166863	0	0	0	0	2	0
195843	0	0	0	0	1	0
158264	0	0	0	0	1	0
4303849	0	0	0	0	1	0
193654	0	0	0	0	1	0
322715	0	0	0	0	1	0
180681	0	0	0	0	2	1
586271	0	0	0	0	2	8
125125	0	0	0	0	3	0
177222	0	0	0	0	1	0
332929	0	0	0	0	1	0
1810798	0	0	0	0	1	0
186596	0	0	0	0	1	1
317012	0	0	0	0	1	0
363321	0	0	0	0	1	0
2065341	0	0	0	0	2	0
198788	0	0	0	0	11	5
189271	0	0	0	0	1	0
264468	0	0	0	0	1	0
183012	0	0	0	0	1	1
528071	0	0	0	0	1	0
1028036	0	0	0	0	1	3
1848900	0	0	0	0	3	1
191270	0	0	0	0	1	1
184114	0	0	0	0	3	0
348009	0	0	0	0	2	20
198270	0	0	0	0	3	0
180826	0	0	0	0	1	0
1938	0	0	0	0	1	0
178642	0	0	0	0	1	0
1106053	0	0	0	0	1	0
168068	0	0	0	0	1	0
306261	0	0	0	0	1	0
189797	0	0	0	0	1	0
4385326	0	0	0	0	4	0
352503	0	0	0	0	1	0
2251904	0	0	0	0	1	0
2924870	0	0	0	0	2	0
292289	0	0	0	0	1	0
342397	0	0	0	0	1	0
329992	0	0	0	0	1	0
581003	0	0	0	0	1	0
372622	0	0	0	0	1	0
622256	0	0	0	0	1	0
4359056	0	0	0	0	3	1
530476	0	0	0	0	1	0
351005	0	0	0	0	1	0
2072645	0	0	0	0	4	0
234443	0	0	0	0	1	2
192536	0	0	0	0	2	0
2430693	0	0	0	0	1	0
194471	0	0	0	0	1	0
175585	0	0	0	0	1	0
177153	0	0	0	0	1	0
321517	0	0	0	0	2	2
158458	0	0	0	0	1	0
323189	0	0	0	0	1	0
253074	0	0	0	0	1	0
181254	0	0	0	0	1	0
568952	0	0	0	0	1	0
176080	0	0	0	0	1	0
195716	0	0	0	0	2	0
188856	0	0	0	0	1	4
842596	0	0	0	0	4	1
130007	0	0	0	0	1	0
193348	0	0	0	0	1	1
819301	0	0	0	0	1	0
1624030	0	0	0	0	1	0
194942	0	0	0	0	1	0
188317	0	0	0	0	2	2
357853	0	0	0	0	2	0
4447552	0	0	0	0	1	0
355837	0	0	0	0	1	0
1978955	0	0	0	0	1	4
799132	0	0	0	0	1	0
201979	0	0	0	0	1	0
331850	0	0	0	0	1	1
177910	0	0	0	0	2	0
566976	0	0	0	0	1	0
192515	0	0	0	0	2	0
4386507	0	0	0	0	2	0
403003	0	0	0	0	1	0
193863	0	0	0	0	2	0
337735	0	0	0	0	1	0
593337	0	0	0	0	3	0
805639	0	0	0	0	2	0
611039	0	0	0	0	1	0
4249719	0	0	0	0	1	2
1654474	0	0	0	0	2	0
1110402	0	0	0	0	1	0
144005	0	0	0	0	1	0
1950496	0	0	0	0	3	1
4433737	0	0	0	0	1	0
2457426	0	0	0	0	1	3
1749791	0	0	0	0	2	4
187709	0	0	0	0	1	1
276561	0	0	0	0	8	14
551864	0	0	0	0	2	0
352034	0	0	0	0	1	1
317502	0	0	0	0	4	1
174716	0	0	0	0	2	0
301149	0	0	0	0	1	0
312707	0	0	0	0	4	0
4383918	0	0	0	0	1	0
362344	0	0	0	0	1	0
924504	0	0	0	0	1	0
578022	0	0	0	0	1	0
2686191	0	0	0	0	1	1
1141758	0	0	0	0	1	0
199694	0	0	0	0	3	0
552035	0	0	0	0	1	0
591285	0	0	0	0	1	0
573293	0	0	0	0	4	0
289788	0	0	0	0	1	0
178433	0	0	0	0	1	0
192834	0	0	0	0	1	0
325388	0	0	0	0	1	0
347965	0	0	0	0	1	1
332185	0	0	0	0	1	0
3325988	0	0	0	0	2	1
189356	0	0	0	0	5	0
178447	0	0	0	0	1	0
826370	0	0	0	0	1	0
193161	0	0	0	0	1	0
177175	0	0	0	0	1	0
769961	0	0	0	0	2	1
725727	0	0	0	0	1	0
194219	0	0	0	0	1	7
1682179	0	0	0	0	1	0
351583	0	0	0	0	1	0
536882	0	0	0	0	1	0
4387453	0	0	0	0	1	0
188818	0	0	0	0	1	0
220953	0	0	0	0	2	0
175438	0	0	0	0	1	0
307984	0	0	0	0	2	3
927342	0	0	0	0	1	0
181826	0	0	0	0	1	0
178811	0	0	0	0	1	0
198696	0	0	0	0	2	0
4412049	0	0	0	0	1	1
525387	0	0	0	0	2	0
365891	0	0	0	0	2	0
4461762	0	0	0	0	1	0
193534	0	0	0	0	3	1
338987	0	0	0	0	1	0
751643	0	0	0	0	1	0
2555170	0	0	0	0	1	0
345801	0	0	0	0	1	1
1542014	0	0	0	0	1	0
3159130	0	0	0	0	1	0
1110893	0	0	0	0	1	0
351292	0	0	0	0	2	46
3475269	0	0	0	0	1	4
191038	0	0	0	0	1	1
100919	0	0	0	0	1	0
558264	0	0	0	0	1	0
1105706	0	0	0	0	2	0
184084	0	0	0	0	1	0
139833	0	0	0	0	1	0
311278	0	0	0	0	1	0
191052	0	0	0	0	1	2
1816072	0	0	0	0	1	0
4194837	0	0	0	0	2	1
2309799	0	0	0	0	3	14
4440948	0	0	0	0	1	0
188523	0	0	0	0	1	3
307661	0	0	0	0	1	0
3544699	0	0	0	0	1	0
804686	0	0	0	0	1	0
2229500	0	0	0	0	3	11
949863	0	0	0	0	1	2
3082155	0	0	0	0	1	0
571242	0	0	0	0	1	0
370183	0	0	0	0	2	2
2388088	0	0	0	0	1	0
2892294	0	0	0	0	1	0
342802	0	0	0	0	1	0
196596	0	0	0	0	2	0
177754	0	0	0	0	2	0
359314	0	0	0	0	1	0
183970	0	0	0	0	2	0
3755578	0	0	0	0	1	0
194236	0	0	0	0	1	0
191276	0	0	0	0	1	0
177062	0	0	0	0	2	0
195052	0	0	0	0	1	0
199490	0	0	0	0	1	0
761968	0	0	0	0	1	0
193572	0	0	0	0	1	3
179637	0	0	0	0	1	0
4359731	0	0	0	0	1	0
710584	0	0	0	0	1	0
78728	0	0	0	0	1	0
1951826	0	0	0	0	1	0
656881	0	0	0	0	1	0
309391	0	0	0	0	1	0
187178	0	0	0	0	1	0
272800	0	0	0	0	1	0
182545	0	0	0	0	1	0
1606832	0	0	0	0	1	0
370075	0	0	0	0	1	26
4413448	0	0	0	0	1	0
263212	0	0	0	0	1	0
2415144	0	0	0	0	1	1
4391262	0	0	0	0	1	0
4450010	0	0	0	0	1	1
323621	0	0	0	0	1	0
807112	0	0	0	0	1	0
188625	0	0	0	0	2	0
812719	0	0	0	0	1	0
192347	0	0	0	0	1	0
758346	0	0	0	0	1	0
3758679	0	0	0	0	1	3
25005	0	0	0	0	1	0
191633	0	0	0	0	1	4
512154	0	0	0	0	2	0
186427	0	0	0	0	1	0
728991	0	0	0	0	1	0
97210	0	0	0	0	1	0
188299	0	0	0	0	1	0
355938	0	0	0	0	1	0
566899	0	0	0	0	1	0
173987	0	0	0	0	1	1
4408959	0	0	0	0	1	0
183043	0	0	0	0	1	3
1135042	0	0	0	0	1	1
188077	0	0	0	0	1	0
4374204	0	0	0	0	1	0
384555	0	0	0	0	1	0
192015	0	0	0	0	1	1
178478	0	0	0	0	0	19
107258	0	0	0	0	0	1
1071929	0	0	0	0	0	4
4334908	0	0	0	0	0	2
3275938	0	0	0	0	0	4
316675	0	0	0	0	0	197
290974	0	0	0	0	0	20
354908	0	0	0	0	0	20
1097593	0	0	0	0	0	71
179449	0	0	0	0	0	1
4310019	0	0	0	0	0	1
360303	0	0	0	0	0	1
318131	0	0	0	0	0	4
1118978	0	0	0	0	0	1
352468	0	0	0	0	0	14
302525	0	0	0	0	0	12
190171	0	0	0	0	0	4
519746	0	0	0	0	0	1
183855	0	0	0	0	0	2
177224	0	0	0	0	0	2
4332202	0	0	0	0	0	13
195466	0	0	0	0	0	9
237438	0	0	0	0	0	1
4406925	0	0	0	0	0	1
1834768	0	0	0	0	0	1
2636449	0	0	0	0	0	1
367977	0	0	0	0	0	7
310979	0	0	0	0	0	2
254116	0	0	0	0	0	1
512250	0	0	0	0	0	2
319411	0	0	0	0	0	4
547714	0	0	0	0	0	1
191734	0	0	0	0	0	1
332466	0	0	0	0	0	1
535353	0	0	0	0	0	1
2614328	0	0	0	0	0	2
1075307	0	0	0	0	0	2
353615	0	0	0	0	0	11
4377418	0	0	0	0	0	31
4303114	0	0	0	0	0	2
535901	0	0	0	0	0	4
4012190	0	0	0	0	0	4
193372	0	0	0	0	0	1
1964005	0	0	0	0	0	1
198282	0	0	0	0	0	1
584109	0	0	0	0	0	1
776472	0	0	0	0	0	8
4458446	0	0	0	0	0	1
179549	0	0	0	0	0	1
319708	0	0	0	0	0	1
4476561	0	0	0	0	0	9
191439	0	0	0	0	0	1
1584173	0	0	0	0	0	42
353715	0	0	0	0	0	4
196991	0	0	0	0	0	2
2085032	0	0	0	0	0	2
663969	0	0	0	0	0	4
173869	0	0	0	0	0	2
4364747	0	0	0	0	0	3
4420408	0	0	0	0	0	3
174869	0	0	0	0	0	1
562400	0	0	0	0	0	1
174613	0	0	0	0	0	1
178304	0	0	0	0	0	1
1795137	0	0	0	0	0	2
301765	0	0	0	0	0	1
4305725	0	0	0	0	0	1
182117	0	0	0	0	0	2
4371786	0	0	0	0	0	2
4431608	0	0	0	0	0	12
181468	0	0	0	0	0	11
97639	0	0	0	0	0	1
3674778	0	0	0	0	0	2
518389	0	0	0	0	0	1
4315660	0	0	0	0	0	5
188811	0	0	0	0	0	3
514988	0	0	0	0	0	2
190975	0	0	0	0	0	2
922239	0	0	0	0	0	1
217481	0	0	0	0	0	1
4346374	0	0	0	0	0	2
3452790	0	0	0	0	0	1
113232	0	0	0	0	0	1
185712	0	0	0	0	0	1
4356080	0	0	0	0	0	4
318760	0	0	0	0	0	4
320376	0	0	0	0	0	1
1103557	0	0	0	0	0	1
815480	0	0	0	0	0	1
142859	0	0	0	0	0	1
631764	0	0	0	0	0	1
522398	0	0	0	0	0	1
4465250	0	0	0	0	0	3
189679	0	0	0	0	0	2
838544	0	0	0	0	0	1
1146771	0	0	0	0	0	2
839282	0	0	0	0	0	1
519398	0	0	0	0	0	1
2686369	0	0	0	0	0	2
1068499	0	0	0	0	0	1
150304	0	0	0	0	0	1
4361727	0	0	0	0	0	2
1077373	0	0	0	0	0	4
183967	0	0	0	0	0	1
136127	0	0	0	0	0	8
194559	0	0	0	0	0	1
650800	0	0	0	0	0	6
175545	0	0	0	0	0	2
181161	0	0	0	0	0	3
302617	0	0	0	0	0	1
196902	0	0	0	0	0	3
1035532	0	0	0	0	0	3
128205	0	0	0	0	0	1
832675	0	0	0	0	0	2
198945	0	0	0	0	0	1
262570	0	0	0	0	0	2
532203	0	0	0	0	0	1
2363623	0	0	0	0	0	1
3195932	0	0	0	0	0	2
179201	0	0	0	0	0	1
1106384	0	0	0	0	0	2
539886	0	0	0	0	0	1
210095	0	0	0	0	0	1
328105	0	0	0	0	0	4
357028	0	0	0	0	0	2
187689	0	0	0	0	0	1
187572	0	0	0	0	0	1
851704	0	0	0	0	0	5
275061	0	0	0	0	0	3
358594	0	0	0	0	0	2
1101669	0	0	0	0	0	2
107044	0	0	0	0	0	1
299879	0	0	0	0	0	2
189860	0	0	0	0	0	1
4326277	0	0	0	0	0	1
191660	0	0	0	0	0	2
368117	0	0	0	0	0	1
64384	0	0	0	0	0	2
198494	0	0	0	0	0	1
195061	0	0	0	0	0	1
167999	0	0	0	0	0	1
3449121	0	0	0	0	0	1
327410	0	0	0	0	0	2
196212	0	0	0	0	0	1
4423790	0	0	0	0	0	2
351707	0	0	0	0	0	1
186981	0	0	0	0	0	4
298120	0	0	0	0	0	6
894780	0	0	0	0	0	1
195933	0	0	0	0	0	1
875735	0	0	0	0	0	1
4443172	0	0	0	0	0	4
185222	0	0	0	0	0	2
132546	0	0	0	0	0	1
4368575	0	0	0	0	0	1
4479915	0	0	0	0	0	1
355503	0	0	0	0	0	2
960131	0	0	0	0	0	2
540940	0	0	0	0	0	1
184971	0	0	0	0	0	2
1047760	0	0	0	0	0	1
346360	0	0	0	0	0	1
1111882	0	0	0	0	0	1
335097	0	0	0	0	0	1
791046	0	0	0	0	0	1
874462	0	0	0	0	0	2
187924	0	0	0	0	0	1
1129680	0	0	0	0	0	1
2038446	0	0	0	0	0	1
1628708	0	0	0	0	0	1
4297758	0	0	0	0	0	1
185021	0	0	0	0	0	1
185951	0	0	0	0	0	2
4396655	0	0	0	0	0	1
389067	0	0	0	0	0	1
311563	0	0	0	0	0	1
195186	0	0	0	0	0	1
4441084	0	0	0	0	0	1
182933	0	0	0	0	0	1
758928	0	0	0	0	0	1
1076557	0	0	0	0	0	1
342801	0	0	0	0	0	2
1013967	0	0	0	0	0	1
177867	0	0	0	0	0	2
527630	0	0	0	0	0	1
193279	0	0	0	0	0	2
2283112	0	0	0	0	0	3
3382081	0	0	0	0	0	1
182874	0	0	0	0	0	1
1523543	0	0	0	0	0	1
817140	0	0	0	0	0	1
561171	0	0	0	0	0	1
3392013	0	0	0	0	0	1
1012372	0	0	0	0	0	1
4429301	0	0	0	0	0	1
186963	0	0	0	0	0	2
179865	0	0	0	0	0	1
327073	0	0	0	0	0	1
111183	0	0	0	0	0	1
246494	0	0	0	0	0	1
704264	0	0	0	0	0	1
292537	0	0	0	0	0	1
2896811	0	0	0	0	0	1
184387	0	0	0	0	0	2
4388948	0	0	0	0	0	1
4468805	0	0	0	0	0	2
4468464	0	0	0	0	0	1
335816	0	0	0	0	0	1
433468	0	0	0	0	0	1
233549	0	0	0	0	0	1
1866742	0	0	0	0	0	3
4217232	0	0	0	0	0	1
2881199	0	0	0	0	0	1
183169	0	0	0	0	0	1
190562	0	0	0	0	0	1
191214	0	0	0	0	0	1
105699	0	0	0	0	0	1
4207913	0	0	0	0	0	1
1733364	0	0	0	0	0	1
187736	0	0	0	0	0	1
522582	0	0	0	0	0	1
851938	0	0	0	0	0	1
173965	0	0	0	0	0	7
173817	0	0	0	0	0	1
648312	0	0	0	0	0	1
4329957	0	0	0	0	0	2
4422321	0	0	0	0	0	1
208739	0	0	0	0	0	1
195532	0	0	0	0	0	1
264967	0	0	0	0	0	1
346299	0	0	0	0	0	1
175776	0	0	0	0	0	1
821023	0	0	0	0	0	1
177343	0	0	0	0	0	1
505670	0	0	0	0	0	3
350910	0	0	0	0	0	1
196778	0	0	0	0	0	1
299687	0	0	0	0	0	2
276478	0	0	0	0	0	2
994219	0	0	0	0	0	1
1517779	0	0	0	0	0	4
807770	0	0	0	0	0	1
359563	0	0	0	0	0	1
494906	0	0	0	0	0	1
4464079	0	0	0	0	0	1
186161	0	0	0	0	0	1
347088	0	0	0	0	0	1
196017	0	0	0	0	0	1
578526	0	0	0	0	0	1
3878210	0	0	0	0	0	1
232900	0	0	0	0	0	1
4359590	0	0	0	0	0	1
1110378	0	0	0	0	0	2
234421	0	0	0	0	0	1
451273	0	0	0	0	0	1
186996	0	0	0	0	0	1
929580	0	0	0	0	0	1
930301	0	0	0	0	0	1
569017	0	0	0	0	0	1
34139	0	0	0	0	0	1
298146	0	0	0	0	0	1
851668	0	0	0	0	0	1
188379	0	0	0	0	0	1
185159	0	0	0	0	0	1
198185	0	0	0	0	0	1
185753	0	0	0	0	0	1
345333	0	0	0	0	0	1
2954187	0	0	0	0	0	1
584484	0	0	0	0	0	1
185575	0	0	0	0	0	1
887025	0	0	0	0	0	4
337083	0	0	0	0	0	1
663649	0	0	0	0	0	1
187868	0	0	0	0	0	1
272593	0	0	0	0	0	1
158630	0	0	0	0	0	1
192370	0	0	0	0	0	1
321451	0	0	0	0	0	1
535159	0	0	0	0	0	1
347640	0	0	0	0	0	1
188199	0	0	0	0	0	1
178675	0	0	0	0	0	1
186256	0	0	0	0	0	1
184980	0	0	0	0	0	2
183460	0	0	0	0	0	1
979707	0	0	0	0	0	1
4326573	0	0	0	0	0	1
364274	0	0	0	0	0	1
198404	0	0	0	0	0	1
570880	0	0	0	0	0	1
178370	0	0	0	0	0	1
850586	0	0	0	0	0	1
2594570	0	0	0	0	0	1
185068	0	0	0	0	0	1
659361	0	0	0	0	0	1
528832	0	0	0	0	0	1
518372	0	0	0	0	0	1
192419	0	0	0	0	0	1
564704	0	0	0	0	0	1
357529	0	0	0	0	0	1
4395075	0	0	0	0	0	3
1015143	0	0	0	0	0	1
189896	0	0	0	0	0	1
849361	0	0	0	0	0	1
3506423	0	0	0	0	0	1
523892	0	0	0	0	0	1
197994	0	0	0	0	0	1
181265	0	0	0	0	0	1
135311	0	0	0	0	0	1
574763	0	0	0	0	0	1
2870145	0	0	0	0	0	2
173744	0	0	0	0	0	1
261328	0	0	0	0	0	1
198209	0	0	0	0	0	1
1105454	0	0	0	0	0	1
188411	0	0	0	0	0	1
2036	0	0	0	0	0	1
266935	0	0	0	0	0	1
198118	0	0	0	0	0	1
4416646	0	0	0	0	0	1
4305062	0	0	0	0	0	1
184670	0	0	0	0	0	1
806257	0	0	0	0	0	1
844501	0	0	0	0	0	1
70706	0	0	0	0	0	1
193601	0	0	0	0	0	1
196918	0	0	0	0	0	1
4358919	0	0	0	0	0	1
1896700	0	0	0	0	0	1
1742070	0	0	0	0	0	1
7366	0	0	0	0	0	1
149452	0	0	0	0	0	1
1782947	0	0	0	0	0	1
197524	0	0	0	0	0	1
524249	0	0	0	0	0	1
181827	0	0	0	0	0	1
927512	0	0	0	0	0	1
