ZOTU_1	JQ088343.1.1479	100.000	404	0	0	1	404	355	758	0.0	747
ZOTU_2	JF138741.1.1356	100.000	429	0	0	1	429	323	751	0.0	793
ZOTU_3	LN568336.1.1321	98.765	405	4	1	1	404	298	702	0.0	719
ZOTU_4	FJ672447.1.1441	99.764	424	1	0	1	424	355	778	0.0	778
ZOTU_5	EU542474.1.1489	100.000	424	0	0	1	424	353	776	0.0	784
ZOTU_6	JQ072613.1.1343	100.000	404	0	0	1	404	270	673	0.0	747
ZOTU_7	CU926767.1.1359	100.000	424	0	0	1	424	334	757	0.0	784
ZOTU_8	AKKU01000023.38873.40404	100.000	429	0	0	1	429	345	773	0.0	793
ZOTU_9	HQ000020.1.1382	100.000	424	0	0	1	424	289	712	0.0	784
ZOTU_10	JN217177.1.1510	99.764	424	1	0	1	424	355	778	0.0	778
ZOTU_11	DQ116002.1.1486	99.301	429	3	0	1	429	333	761	0.0	776
ZOTU_12	KJ206702.1.1488	100.000	424	0	0	1	424	351	774	0.0	784
ZOTU_13	JOMG01000002.8815.10326	100.000	418	0	0	1	418	349	766	0.0	773
ZOTU_14	DQ675038.1.1450	100.000	404	0	0	1	404	318	721	0.0	747
ZOTU_15	AB491817.1.1456	99.752	404	1	0	1	404	319	722	0.0	741
ZOTU_16	EF516694.1.1413	97.761	402	9	0	3	404	297	698	0.0	693
ZOTU_17	LN567607.1.1377	99.531	426	0	2	1	424	331	756	0.0	774
ZOTU_18	DQ676993.1.1505	100.000	424	0	0	1	424	363	786	0.0	784
ZOTU_19	KF934397.1.1461	95.785	427	12	6	1	424	334	757	0.0	684
ZOTU_20	LN565488.1.1319	100.000	404	0	0	1	404	297	700	0.0	747
ZOTU_21	FJ380131.1.1485	100.000	429	0	0	1	429	345	773	0.0	793
ZOTU_22	JQ088387.1.1500	100.000	429	0	0	1	429	348	776	0.0	793
ZOTU_23	HE804607.1.1423	96.782	404	13	0	1	404	313	716	0.0	675
ZOTU_24	LN571190.1.1318	100.000	404	0	0	1	404	297	700	0.0	747
ZOTU_25	JQ088380.1.1428	100.000	404	0	0	1	404	319	722	0.0	747
ZOTU_26	AY922042.1.1340	99.752	404	1	0	1	404	318	721	0.0	741
ZOTU_27	EU095328.1.1454	99.263	407	0	3	1	404	319	725	0.0	732
ZOTU_28	KF494676.1.1483	99.756	409	1	0	1	409	346	754	0.0	750
ZOTU_29	BAGU01001158.3904.5405	100.000	409	0	0	1	409	347	755	0.0	756
ZOTU_30	AB681831.1.1410	100.000	404	0	0	1	404	297	700	0.0	747
ZOTU_31	DQ018818.1.1350	100.000	429	0	0	1	429	325	753	0.0	793
ZOTU_32	JF703555.1.1440	99.068	429	4	0	1	429	311	739	0.0	771
ZOTU_33	EU194888.1.1417	99.292	424	3	0	1	424	322	745	0.0	767
ZOTU_34	LN562518.1.1322	98.762	404	5	0	1	404	299	702	0.0	719
ZOTU_35	HQ257379.1.1428	99.757	411	0	1	1	410	322	732	0.0	752
ZOTU_36	JF223622.1.1358	100.000	429	0	0	1	429	325	753	0.0	793
ZOTU_37	AY093457.1.1447	100.000	429	0	0	1	429	313	741	0.0	793
ZOTU_38	JQ247517.1.1286	99.756	409	1	0	1	409	295	703	0.0	750
ZOTU_39	EU542474.1.1489	99.764	424	1	0	1	424	353	776	0.0	778
ZOTU_40	DQ116002.1.1486	99.534	429	2	0	1	429	333	761	0.0	782
ZOTU_41	GU560159.1.1495	99.767	429	1	0	1	429	342	770	0.0	787
ZOTU_42	GQ263465.1.1469	96.941	425	11	2	1	424	334	757	0.0	712
ZOTU_43	KJ600974.1.1455	100.000	404	0	0	1	404	297	700	0.0	747
ZOTU_44	AB369174.1.1446	100.000	429	0	0	1	429	313	741	0.0	793
ZOTU_45	EF020067.1.1336	98.762	404	5	0	1	404	318	721	0.0	719
ZOTU_46	CU926767.1.1359	99.764	424	1	0	1	424	334	757	0.0	778
ZOTU_47	HM131965.1.1505	99.534	429	2	0	1	429	350	778	0.0	782
ZOTU_48	JX505342.1.1411	100.000	404	0	0	1	404	301	704	0.0	747
ZOTU_49	JN867352.1.1455	100.000	411	0	0	1	411	331	741	0.0	760
ZOTU_50	LN565610.1.1322	100.000	404	0	0	1	404	299	702	0.0	747
ZOTU_51	JQ716218.1.1411	100.000	404	0	0	1	404	299	702	0.0	747
ZOTU_52	AGBF01000432.45.1576	100.000	409	0	0	1	409	349	757	0.0	756
ZOTU_53	LN567681.1.1367	98.054	411	2	6	1	405	326	736	0.0	710
ZOTU_54	FJ497442.1.1436	97.772	404	9	0	1	404	330	733	0.0	697
ZOTU_55	JX075112.1.1274	100.000	429	0	0	1	429	380	808	0.0	793
ZOTU_56	CU920660.1.1342	100.000	404	0	0	1	404	335	738	0.0	747
ZOTU_57	EU360289.1.1450	99.505	404	2	0	1	404	319	722	0.0	736
ZOTU_58	JF745870.1.1343	100.000	404	0	0	1	404	266	669	0.0	747
ZOTU_59	JOHY01000122.128.1606	100.000	409	0	0	1	409	319	727	0.0	756
ZOTU_60	AULN01000012.143081.144605	99.767	429	1	0	1	429	351	779	0.0	787
ZOTU_61	EU016445.1.1484	100.000	409	0	0	1	409	349	757	0.0	756
ZOTU_62	KJ128032.1.1448	100.000	404	0	0	1	404	317	720	0.0	747
ZOTU_63	JQ245605.1.1389	99.767	429	1	0	1	429	292	720	0.0	787
ZOTU_64	AB369174.1.1446	99.767	429	1	0	1	429	313	741	0.0	787
ZOTU_65	FJ347718.1.1217	100.000	404	0	0	1	404	361	764	0.0	747
ZOTU_66	JF120257.1.1345	100.000	409	0	0	1	409	325	733	0.0	756
ZOTU_67	DQ337057.1.1500	100.000	429	0	0	1	429	353	781	0.0	793
ZOTU_68	JN981895.1.1498	100.000	424	0	0	1	424	356	779	0.0	784
ZOTU_69	LN570920.1.1355	99.756	409	1	0	1	409	325	733	0.0	750
ZOTU_70	HQ395191.1.1485	100.000	424	0	0	1	424	348	771	0.0	784
ZOTU_71	HQ639027.1.1425	100.000	410	0	0	1	410	318	727	0.0	758
ZOTU_72	JPYQ01000020.388.1881	100.000	404	0	0	1	404	325	728	0.0	747
ZOTU_73	GQ262963.1.1441	99.007	403	4	0	1	403	310	712	0.0	723
ZOTU_74	LN567607.1.1377	99.296	426	1	2	1	424	331	756	0.0	769
ZOTU_75	JN683977.1.1495	100.000	429	0	0	1	429	342	770	0.0	793
ZOTU_76	GQ182320.1.1399	98.834	429	5	0	1	429	350	778	0.0	765
ZOTU_77	JQ085720.1.1487	100.000	424	0	0	1	424	353	776	0.0	784
ZOTU_78	DQ159184.1.1508	100.000	429	0	0	1	429	354	782	0.0	793
ZOTU_79	LN568108.1.1318	99.505	404	2	0	1	404	297	700	0.0	736
ZOTU_80	HM319117.1.1337	100.000	409	0	0	1	409	325	733	0.0	756
ZOTU_81	GU136558.1.1482	100.000	404	0	0	1	404	356	759	0.0	747
ZOTU_82	JQ716218.1.1411	99.752	404	1	0	1	404	299	702	0.0	741
ZOTU_83	JX945764.1.1431	99.534	429	2	0	1	429	281	709	0.0	782
ZOTU_84	LN567260.1.1334	99.752	404	1	0	1	404	301	704	0.0	741
ZOTU_85	EU491883.1.1428	94.321	405	17	6	3	404	320	721	1.13e-174	616
ZOTU_86	FJ348469.1.1394	98.821	424	5	0	1	424	309	732	0.0	756
ZOTU_87	CU921122.1.1360	100.000	429	0	0	1	429	328	756	0.0	793
ZOTU_88	EU194888.1.1417	99.528	424	2	0	1	424	322	745	0.0	773
ZOTU_89	EU360289.1.1450	100.000	404	0	0	1	404	319	722	0.0	747
ZOTU_90	JQ337769.1.1390	98.818	423	5	0	1	423	298	720	0.0	754
ZOTU_91	FJ672348.1.1396	99.292	424	3	0	1	424	355	778	0.0	767
ZOTU_92	JQ337440.1.1432	97.052	407	12	0	1	407	327	733	0.0	686
ZOTU_93	CEGC01000373.3585.5048	100.000	404	0	0	1	404	319	722	0.0	747
ZOTU_94	JN626199.1.1388	100.000	404	0	0	1	404	289	692	0.0	747
ZOTU_95	AY570612.1.1489	100.000	424	0	0	1	424	353	776	0.0	784
ZOTU_96	BAGU01001158.3904.5405	99.756	409	1	0	1	409	347	755	0.0	750
ZOTU_97	JF208969.1.1359	100.000	430	0	0	1	430	325	754	0.0	795
ZOTU_98	JQHX01000062.345.1877	100.000	429	0	0	1	429	361	789	0.0	793
ZOTU_99	EU709848.1.1475	100.000	421	0	0	1	421	327	747	0.0	778
ZOTU_100	LN567366.1.1333	99.506	405	1	1	1	404	312	716	0.0	736
ZOTU_101	EF219046.1.1385	100.000	404	0	0	1	404	305	708	0.0	747
ZOTU_102	KC166840.1.1460	99.767	430	0	1	1	429	326	755	0.0	787
ZOTU_103	EF174287.1.1515	98.135	429	8	0	1	429	363	791	0.0	749
ZOTU_104	DQ337012.1.1441	100.000	404	0	0	1	404	319	722	0.0	747
ZOTU_105	JF429376.1.1452	100.000	404	0	0	1	404	319	722	0.0	747
ZOTU_106	HM362441.1.1460	99.767	429	1	0	1	429	327	755	0.0	787
ZOTU_107	KC408522.1.1493	100.000	406	0	0	1	406	366	771	0.0	750
ZOTU_108	GU179704.1.1385	100.000	404	0	0	1	404	359	762	0.0	747
ZOTU_109	AGER01000030.481559.483074	100.000	409	0	0	1	409	344	752	0.0	756
ZOTU_110	HQ232444.1.1375	99.511	409	2	0	1	409	346	754	0.0	745
ZOTU_111	JF806525.1.1447	100.000	424	0	0	1	424	328	751	0.0	784
ZOTU_112	LN570301.1.1338	100.000	404	0	0	1	404	317	720	0.0	747
ZOTU_113	LN570398.1.1322	99.506	405	1	1	1	404	301	705	0.0	736
ZOTU_114	JQ639054.1.1466	100.000	409	0	0	1	409	337	745	0.0	756
ZOTU_115	GU356214.1.1352	100.000	429	0	0	1	429	308	736	0.0	793
ZOTU_116	AB682248.1.1468	100.000	429	0	0	1	429	331	759	0.0	793
ZOTU_117	EU443749.1.1413	100.000	429	0	0	1	429	291	719	0.0	793
ZOTU_118	KC554093.1.1518	100.000	409	0	0	1	409	342	750	0.0	756
ZOTU_119	JX872364.1.1451	100.000	430	0	0	1	430	330	759	0.0	795
ZOTU_120	HM269126.1.1308	99.257	404	3	0	1	404	299	702	0.0	730
ZOTU_121	CEGC01000044.1.1416	100.000	424	0	0	1	424	264	687	0.0	784
ZOTU_122	AB021408.1.1509	100.000	429	0	0	1	429	331	759	0.0	793
ZOTU_123	LN573327.1.1348	98.044	409	8	0	1	409	323	731	0.0	712
ZOTU_124	FJ674973.1.1396	99.292	424	2	1	1	424	356	778	0.0	767
ZOTU_125	AY921749.1.1381	99.754	406	1	0	1	406	351	756	0.0	745
ZOTU_126	AWNK01000005.140601.142099	100.000	429	0	0	1	429	327	755	0.0	793
ZOTU_127	AJ853620.1.1436	99.767	430	0	1	1	429	325	754	0.0	787
ZOTU_128	HM558565.1.1361	98.058	412	5	2	1	409	347	758	0.0	713
ZOTU_129	FM242452.1.1444	100.000	404	0	0	1	404	319	722	0.0	747
ZOTU_130	AHTH01000032.12110.13654	100.000	429	0	0	1	429	358	786	0.0	793
ZOTU_131	JN825374.1.1386	99.010	404	4	0	1	404	289	692	0.0	725
ZOTU_132	JF344261.1.1425	93.827	405	23	2	1	404	319	722	1.89e-172	608
ZOTU_133	JN881636.1.1418	99.752	404	1	0	1	404	310	713	0.0	741
ZOTU_134	AY921937.1.1346	99.257	404	3	0	1	404	320	723	0.0	730
ZOTU_135	AY921897.1.1344	99.257	404	3	0	1	404	328	731	0.0	730
ZOTU_136	FM886842.1.1401	96.333	409	15	0	1	409	302	710	0.0	673
ZOTU_137	JN683966.1.1489	98.601	429	6	0	1	429	342	770	0.0	760
ZOTU_138	HM362504.1.1458	98.368	429	7	0	1	429	325	753	0.0	754
ZOTU_139	HM339179.1.1308	100.000	404	0	0	1	404	299	702	0.0	747
ZOTU_140	DQ128248.1.1433	100.000	429	0	0	1	429	312	740	0.0	793
ZOTU_141	HM066522.1.1457	99.257	404	3	0	1	404	321	724	0.0	730
ZOTU_142	KF534707.1.1515	98.821	424	5	0	1	424	348	771	0.0	756
ZOTU_143	JF417776.1.1448	100.000	404	0	0	1	404	319	722	0.0	747
ZOTU_144	JN166984.1.1478	100.000	424	0	0	1	424	346	769	0.0	784
ZOTU_145	KC554582.1.1538	99.767	429	1	0	1	429	352	780	0.0	787
ZOTU_146	JF275023.1.1212	99.752	404	1	0	1	404	199	602	0.0	741
ZOTU_147	LN571269.1.1317	100.000	404	0	0	1	404	301	704	0.0	747
ZOTU_148	U28172.1.1471	98.605	430	6	0	1	430	337	766	0.0	773
ZOTU_149	EF442993.1.1422	99.767	430	1	0	1	430	312	741	0.0	789
ZOTU_150	GU367156.1.1511	94.377	409	23	0	1	409	348	756	1.47e-178	628
ZOTU_151	HM836415.1.1282	100.000	404	0	0	1	404	299	702	0.0	747
ZOTU_152	KC442847.1.1475	100.000	404	0	0	1	404	316	719	0.0	747
ZOTU_153	FJ444737.1.1448	98.762	404	5	0	1	404	319	722	0.0	719
ZOTU_154	GQ113287.1.1360	100.000	430	0	0	1	430	327	756	0.0	795
ZOTU_155	GQ245918.1.1430	99.534	429	2	0	1	429	284	712	0.0	782
ZOTU_156	LN569992.1.1317	98.762	404	5	0	1	404	300	703	0.0	719
ZOTU_157	GU179909.1.1374	100.000	406	0	0	1	406	356	761	0.0	750
ZOTU_158	JX841327.1.1541	100.000	429	0	0	1	429	357	785	0.0	793
ZOTU_159	FJ469311.1.1217	100.000	429	0	0	1	429	250	678	0.0	793
ZOTU_160	CEGE01000774.171.1693	100.000	429	0	0	1	429	351	779	0.0	793
ZOTU_161	GQ132253.1.1383	100.000	424	0	0	1	424	354	777	0.0	784
ZOTU_162	HQ912773.1.1478	97.015	402	12	0	3	404	321	722	0.0	676
ZOTU_163	KF071103.1.1321	99.257	404	3	0	1	404	312	715	0.0	730
ZOTU_164	KJ600862.1.1403	99.257	404	3	0	1	404	299	702	0.0	730
ZOTU_165	KJ783044.1.1430	98.272	405	7	0	1	405	326	730	0.0	710
ZOTU_166	JX133256.1.1455	97.037	405	12	0	1	405	337	741	0.0	682
ZOTU_167	DQ675052.1.1446	100.000	404	0	0	1	404	315	718	0.0	747
ZOTU_168	AB244763.1.1481	100.000	429	0	0	1	429	341	769	0.0	793
ZOTU_169	KC775701.1.1358	99.010	404	4	0	1	404	272	675	0.0	725
ZOTU_170	KM882790.1.1302	97.537	406	10	0	1	406	295	700	0.0	695
ZOTU_171	LN573329.1.1344	99.022	409	4	0	1	409	322	730	0.0	734
ZOTU_172	BAGU01001158.3904.5405	99.511	409	2	0	1	409	347	755	0.0	745
ZOTU_173	AJFJ01000100.174891.176424	100.000	409	0	0	1	409	356	764	0.0	756
ZOTU_174	KM882691.1.1311	100.000	405	0	0	1	405	291	695	0.0	749
ZOTU_175	JQ218602.1.1489	100.000	429	0	0	1	429	339	767	0.0	793
ZOTU_176	FJ799133.1.1480	99.763	422	1	0	1	422	347	768	0.0	774
ZOTU_177	AB021408.1.1509	99.767	429	1	0	1	429	331	759	0.0	787
ZOTU_178	LN572492.1.1321	100.000	404	0	0	1	404	301	704	0.0	747
ZOTU_179	JF216986.1.1305	99.257	404	3	0	1	404	297	700	0.0	730
ZOTU_180	LN573329.1.1344	98.778	409	5	0	1	409	322	730	0.0	728
ZOTU_181	CP001629.3896599.3898140	100.000	430	0	0	1	430	357	786	0.0	795
ZOTU_182	FJ535052.1.1478	100.000	424	0	0	1	424	345	768	0.0	784
ZOTU_183	HM839487.1.1306	99.752	404	1	0	1	404	299	702	0.0	741
ZOTU_184	DQ125778.1.1480	98.608	431	6	0	1	431	341	771	0.0	763
ZOTU_185	KF851141.1.1500	99.068	429	4	0	1	429	345	773	0.0	771
ZOTU_186	JQHX01000062.345.1877	99.767	429	1	0	1	429	361	789	0.0	787
ZOTU_187	HQ183835.1.1446	99.505	404	2	0	1	404	320	723	0.0	736
ZOTU_188	EU538852.1.1402	100.000	429	0	0	1	429	352	780	0.0	793
ZOTU_189	CEGE01000774.171.1693	99.767	429	1	0	1	429	351	779	0.0	787
ZOTU_190	JX575872.1.1399	98.821	424	5	0	1	424	359	782	0.0	756
ZOTU_191	AY921897.1.1344	100.000	404	0	0	1	404	328	731	0.0	747
ZOTU_192	AM950257.1.1352	99.754	406	1	0	1	406	346	751	0.0	745
ZOTU_193	LN573067.1.1333	99.506	405	2	0	1	405	332	736	0.0	737
ZOTU_194	AY102320.1.1308	99.752	404	1	0	1	404	285	688	0.0	741
ZOTU_195	LN570205.1.1354	100.000	409	0	0	1	409	329	737	0.0	756
ZOTU_196	LN563899.1.1314	99.752	404	1	0	1	404	297	700	0.0	741
ZOTU_197	DQ295634.1.1201	100.000	404	0	0	1	404	144	547	0.0	747
ZOTU_198	HQ860721.1.1421	100.000	429	0	0	1	429	351	779	0.0	793
ZOTU_199	JF168212.1.1341	99.022	409	4	0	1	409	328	736	0.0	734
ZOTU_200	JQ190338.1.1363	100.000	429	0	0	1	429	331	759	0.0	793
ZOTU_201	DQ460470.1.1426	100.000	409	0	0	1	409	296	704	0.0	756
ZOTU_202	EF590061.1.1346	91.832	404	33	0	1	404	347	750	4.14e-159	564
ZOTU_203	ASJA01000004.146378.147825	92.822	404	28	1	1	404	319	721	3.18e-165	584
ZOTU_204	JN873187.1.1482	99.764	424	1	0	1	424	346	769	0.0	778
ZOTU_205	AY913236.1.1446	97.512	402	10	0	3	404	323	724	0.0	688
ZOTU_206	JQ337421.1.1386	98.267	404	7	0	1	404	292	695	0.0	708
ZOTU_207	EU016445.1.1484	99.756	409	1	0	1	409	349	757	0.0	750
ZOTU_208	HM362504.1.1458	100.000	429	0	0	1	429	325	753	0.0	793
ZOTU_209	JF806522.1.1467	99.068	429	4	0	1	429	331	759	0.0	771
ZOTU_210	AHTH01000032.12110.13654	99.767	429	1	0	1	429	358	786	0.0	787
ZOTU_211	JN256084.1.1494	100.000	424	0	0	1	424	356	779	0.0	784
ZOTU_212	FR675974.1.1438	99.752	404	1	0	1	404	327	730	0.0	741
ZOTU_213	LN561652.1.1317	99.257	404	3	0	1	404	299	702	0.0	730
ZOTU_214	KC166707.1.1459	100.000	429	0	0	1	429	325	753	0.0	793
ZOTU_215	JN038223.1.1451	99.505	404	2	0	1	404	317	720	0.0	736
ZOTU_216	KF268883.1.1340	99.752	404	1	0	1	404	260	663	0.0	741
ZOTU_217	KF500892.1.1420	100.000	429	0	0	1	429	315	743	0.0	793
ZOTU_218	FM253684.1.1423	99.257	404	3	0	1	404	316	719	0.0	730
ZOTU_219	FJ205860.1.1307	99.057	424	4	0	1	424	313	736	0.0	761
ZOTU_220	AACY023937991.136.1658	100.000	429	0	0	1	429	351	779	0.0	793
ZOTU_221	CP002457.466286.467816	100.000	429	0	0	1	429	351	779	0.0	793
ZOTU_222	JF500178.1.1494	100.000	429	0	0	1	429	345	773	0.0	793
ZOTU_223	LN567905.1.1354	99.289	422	2	1	1	421	318	739	0.0	761
ZOTU_224	AY955095.1.1528	100.000	429	0	0	1	429	345	773	0.0	793
ZOTU_225	AY340833.1.1414	99.764	424	1	0	1	424	288	711	0.0	778
ZOTU_226	JX047099.1.1429	100.000	404	0	0	1	404	321	724	0.0	747
ZOTU_227	GQ054353.1.1357	100.000	429	0	0	1	429	325	753	0.0	793
ZOTU_228	AF050099.1.1525	99.507	406	2	0	1	406	364	769	0.0	739
ZOTU_229	AUMX01000033.12.1465	100.000	384	0	0	1	384	333	716	0.0	710
ZOTU_230	JN896598.1.1431	98.353	425	5	2	1	424	324	747	0.0	745
ZOTU_231	HM835872.1.1359	100.000	430	0	0	1	430	325	754	0.0	795
ZOTU_232	GQ246632.1.1213	98.601	429	6	0	1	429	206	634	0.0	760
ZOTU_233	ARBU01000050.2219.3723	100.000	409	0	0	1	409	350	758	0.0	756
ZOTU_234	KF798549.1.1509	100.000	429	0	0	1	429	353	781	0.0	793
ZOTU_235	EU328062.1.1446	98.515	404	6	0	1	404	319	722	0.0	715
ZOTU_236	JX222047.1.1443	99.753	405	0	1	1	404	321	725	0.0	741
ZOTU_237	JNWU01000079.24.1529	100.000	409	0	0	1	409	343	751	0.0	756
ZOTU_238	GQ221073.1.1482	100.000	424	0	0	1	424	349	772	0.0	784
ZOTU_239	EU721765.1.1389	100.000	406	0	0	1	406	366	771	0.0	750
ZOTU_240	JF265698.1.1349	100.000	424	0	0	1	424	308	731	0.0	784
ZOTU_241	GQ178058.1.1291	100.000	430	0	0	1	430	274	703	0.0	795
ZOTU_242	JQ088320.1.1426	100.000	404	0	0	1	404	319	722	0.0	747
ZOTU_243	LN571269.1.1317	99.257	404	3	0	1	404	301	704	0.0	730
ZOTU_244	LN562844.1.1336	100.000	406	0	0	1	406	322	727	0.0	750
ZOTU_245	JX855301.1.1530	100.000	429	0	0	1	429	345	773	0.0	793
ZOTU_246	JX983191.1.1417	95.755	424	18	0	1	424	313	736	0.0	684
ZOTU_247	GQ222468.1.1448	99.027	411	4	0	1	411	308	718	0.0	737
ZOTU_248	JF103728.1.1353	99.068	429	4	0	1	429	320	748	0.0	771
ZOTU_249	JX222282.1.1454	100.000	404	0	0	1	404	329	732	0.0	747
ZOTU_250	DQ125912.1.1474	99.525	421	2	0	1	421	336	756	0.0	767
ZOTU_251	HM798683.1.1377	100.000	404	0	0	1	404	251	654	0.0	747
ZOTU_252	AY741401.1.1512	98.834	429	5	0	1	429	359	787	0.0	765
ZOTU_253	KM585604.1.1415	100.000	429	0	0	1	429	312	740	0.0	793
ZOTU_254	JX080256.1.1412	100.000	404	0	0	1	404	301	704	0.0	747
ZOTU_255	LN568562.1.1377	98.353	425	6	1	1	424	334	758	0.0	745
ZOTU_256	LN567681.1.1367	97.810	411	3	6	1	405	326	736	0.0	704
ZOTU_257	GQ480156.1.1504	98.601	429	6	0	1	429	351	779	0.0	760
ZOTU_258	ABCL01000012.1.1910	100.000	404	0	0	1	404	759	1162	0.0	747
ZOTU_259	JX898131.1.1449	100.000	404	0	0	1	404	310	713	0.0	747
ZOTU_260	JX222282.1.1454	99.505	404	2	0	1	404	329	732	0.0	736
ZOTU_261	LN564789.1.1363	99.068	429	4	0	1	429	325	753	0.0	771
ZOTU_262	KM263557.1.1451	100.000	404	0	0	1	404	321	724	0.0	747
ZOTU_263	LN570451.1.1318	99.010	404	4	0	1	404	299	702	0.0	725
ZOTU_264	FJ167451.1.1443	99.257	404	3	0	1	404	317	720	0.0	730
ZOTU_265	JQ304795.1.1369	99.257	404	3	0	1	404	271	674	0.0	730
ZOTU_266	KF911265.1.1451	96.714	426	10	4	1	424	328	751	0.0	706
ZOTU_267	EU133522.1.1334	99.752	404	1	0	1	404	320	723	0.0	741
ZOTU_268	LN570398.1.1322	99.753	405	0	1	1	404	301	705	0.0	741
ZOTU_269	HQ912787.1.1492	100.000	404	0	0	1	404	319	722	0.0	747
ZOTU_270	AKIQ01000083.145758.147274	100.000	430	0	0	1	430	345	774	0.0	795
ZOTU_271	LN567263.1.1321	98.515	404	6	0	1	404	301	704	0.0	713
ZOTU_272	CU926021.1.1347	100.000	424	0	0	1	424	335	758	0.0	784
ZOTU_273	KM200485.1.1449	100.000	404	0	0	1	404	320	723	0.0	747
ZOTU_274	GQ264366.1.1447	98.519	405	5	1	1	404	315	719	0.0	713
ZOTU_275	HM315996.1.1376	98.364	428	7	0	1	428	341	768	0.0	752
ZOTU_276	JQ800746.1.1449	97.030	404	12	0	1	404	319	722	0.0	680
ZOTU_277	HQ860733.1.1499	100.000	403	0	0	1	403	465	867	0.0	745
ZOTU_278	KC791013.1.1410	99.301	429	3	0	1	429	305	733	0.0	776
ZOTU_279	DQ342274.1.1446	99.752	404	1	0	1	404	314	717	0.0	741
ZOTU_280	AF280866.1.1541	100.000	429	0	0	1	429	353	781	0.0	793
ZOTU_281	JN541166.1.1506	100.000	429	0	0	1	429	351	779	0.0	793
ZOTU_282	KC333941.1.1492	95.765	425	16	2	1	424	356	779	0.0	684
ZOTU_283	KM456073.1.1446	99.057	424	4	0	1	424	329	752	0.0	761
ZOTU_284	HQ008618.1.1301	98.020	404	8	0	1	404	333	736	0.0	702
ZOTU_285	LN563180.1.1352	100.000	404	0	0	1	404	333	736	0.0	747
ZOTU_286	HE650064.1.1377	100.000	404	0	0	1	404	289	692	0.0	747
ZOTU_287	JQ087006.1.1437	99.756	409	1	0	1	409	350	758	0.0	750
ZOTU_288	KF963813.1.1359	98.113	424	8	0	1	424	333	756	0.0	741
ZOTU_289	FJ479237.1.1447	100.000	404	0	0	1	404	320	723	0.0	747
ZOTU_290	JN409198.1.1410	99.752	404	1	0	1	404	301	704	0.0	741
ZOTU_291	DQ129622.1.1427	99.505	404	2	0	1	404	299	702	0.0	736
ZOTU_292	LN570400.1.1322	98.259	402	7	0	3	404	303	704	0.0	704
ZOTU_293	EU881135.1.1449	99.752	404	1	0	1	404	320	723	0.0	741
ZOTU_294	LN567551.1.1368	99.072	431	1	3	1	429	325	754	0.0	771
ZOTU_295	LN565616.1.1318	100.000	404	0	0	1	404	299	702	0.0	747
ZOTU_296	GQ263488.1.1471	100.000	409	0	0	1	409	333	741	0.0	756
ZOTU_297	AY945873.1.1429	99.257	404	3	0	1	404	318	721	0.0	730
ZOTU_298	FR775412.1.1388	99.754	406	1	0	1	406	364	769	0.0	747
ZOTU_299	DQ395970.1.1393	99.752	404	1	0	1	404	247	650	0.0	741
ZOTU_300	GQ093308.1.1360	100.000	424	0	0	1	424	336	759	0.0	784
ZOTU_301	AY913236.1.1446	97.761	402	9	0	3	404	323	724	0.0	693
ZOTU_302	JQ670780.1.1503	100.000	409	0	0	1	409	343	751	0.0	756
ZOTU_303	FJ230928.1.1451	100.000	404	0	0	1	404	319	722	0.0	747
ZOTU_304	JF272138.1.1448	95.792	404	17	0	1	404	319	722	0.0	652
ZOTU_305	GQ263562.1.1474	99.057	424	4	0	1	424	334	757	0.0	761
ZOTU_306	EU881311.1.1458	100.000	404	0	0	1	404	330	733	0.0	747
ZOTU_307	EU287138.1.1483	97.525	404	10	0	1	404	340	743	0.0	691
ZOTU_308	FJ536888.1.1451	99.528	424	2	0	1	424	332	755	0.0	773
ZOTU_309	KF268828.1.1334	99.010	404	4	0	1	404	271	674	0.0	725
ZOTU_310	AB696522.1.1438	100.000	409	0	0	1	409	323	731	0.0	756
ZOTU_311	DQ988303.1.1262	100.000	404	0	0	1	404	240	643	0.0	747
ZOTU_312	KC111871.1.1245	100.000	410	0	0	1	410	257	666	0.0	758
ZOTU_313	CP002584.3359512.3361021	97.406	424	11	0	1	424	348	771	0.0	723
ZOTU_314	JX855295.1.1456	100.000	404	0	0	1	404	320	723	0.0	747
ZOTU_315	JF275023.1.1212	100.000	404	0	0	1	404	199	602	0.0	747
ZOTU_316	JX198651.1.1513	96.535	404	10	3	5	405	379	781	0.0	665
ZOTU_317	AAAK03000115.725.2258	100.000	429	0	0	1	429	357	785	0.0	793
ZOTU_318	JQ245605.1.1389	99.534	429	2	0	1	429	292	720	0.0	782
ZOTU_319	HM845868.1.1303	100.000	404	0	0	1	404	297	700	0.0	747
ZOTU_320	FR749901.1.1513	99.522	418	2	0	1	418	345	762	0.0	761
ZOTU_321	FJ165544.1.1449	100.000	404	0	0	1	404	321	724	0.0	747
ZOTU_322	HM438251.1.1508	98.372	430	7	0	1	430	322	751	0.0	756
ZOTU_323	AY921685.1.1374	98.778	409	5	0	1	409	344	752	0.0	728
ZOTU_324	JX489968.1.1499	99.534	429	2	0	1	429	347	775	0.0	782
ZOTU_325	JX133256.1.1455	96.790	405	13	0	1	405	337	741	0.0	676
ZOTU_326	LN573329.1.1344	99.511	409	2	0	1	409	322	730	0.0	745
ZOTU_327	LN570063.1.1341	98.284	408	5	2	1	407	326	732	0.0	713
ZOTU_328	JN256084.1.1494	99.764	424	1	0	1	424	356	779	0.0	778
ZOTU_329	HQ860721.1.1421	99.767	429	1	0	1	429	351	779	0.0	787
ZOTU_330	KC791013.1.1410	99.767	429	1	0	1	429	305	733	0.0	787
ZOTU_331	LN563320.1.1306	100.000	404	0	0	1	404	299	702	0.0	747
ZOTU_332	JQ218573.1.1481	100.000	429	0	0	1	429	337	765	0.0	793
ZOTU_333	LN573210.1.1349	99.756	409	1	0	1	409	324	732	0.0	750
ZOTU_334	JX262580.1.1507	100.000	429	0	0	1	429	351	779	0.0	793
ZOTU_335	LN570440.1.1296	97.772	404	9	0	1	404	297	700	0.0	697
ZOTU_336	JN697988.1.1324	100.000	404	0	0	1	404	300	703	0.0	747
ZOTU_337	LN565644.1.1368	99.301	429	3	0	1	429	329	757	0.0	776
ZOTU_338	FN598016.1.1390	99.254	402	3	0	1	402	314	715	0.0	726
ZOTU_339	CU915013.1.1330	100.000	404	0	0	1	404	307	710	0.0	747
ZOTU_340	KC541202.1.1518	99.267	409	2	1	1	409	350	757	0.0	737
ZOTU_341	AM950255.1.1341	98.598	428	6	0	1	428	323	750	0.0	758
ZOTU_342	GQ113287.1.1360	99.767	430	1	0	1	430	327	756	0.0	789
ZOTU_343	LN567618.1.1371	97.653	426	6	2	1	424	330	753	0.0	728
ZOTU_344	GU179704.1.1385	99.752	404	1	0	1	404	359	762	0.0	741
ZOTU_345	AY554420.1.1452	100.000	424	0	0	1	424	335	758	0.0	784
ZOTU_346	EU109728.1.1482	99.756	409	1	0	1	409	343	751	0.0	750
ZOTU_347	HM186155.1.1299	98.753	401	5	0	1	401	315	715	0.0	713
ZOTU_348	LN565611.1.1320	100.000	404	0	0	1	404	299	702	0.0	747
ZOTU_349	GQ245918.1.1430	99.767	429	1	0	1	429	284	712	0.0	787
ZOTU_350	DQ129622.1.1427	99.752	404	1	0	1	404	299	702	0.0	741
ZOTU_351	JQ245551.1.1386	100.000	407	0	0	1	407	305	711	0.0	752
ZOTU_352	GQ062356.1.1364	100.000	404	0	0	1	404	356	759	0.0	747
ZOTU_353	DQ337587.1.1491	98.349	424	7	0	1	424	354	777	0.0	745
ZOTU_354	KF071029.1.1356	99.301	429	3	0	1	429	323	751	0.0	776
ZOTU_355	HQ316944.1.1413	99.505	404	2	0	1	404	303	706	0.0	736
ZOTU_356	LN567722.1.1357	100.000	409	0	0	1	409	331	739	0.0	756
ZOTU_357	LN572131.1.1318	99.012	405	3	1	1	404	297	701	0.0	725
ZOTU_358	LN569976.1.1327	98.025	405	6	2	1	404	301	704	0.0	702
ZOTU_359	LN572477.1.1324	98.020	404	8	0	1	404	302	705	0.0	702
ZOTU_360	EU109728.1.1482	99.756	409	1	0	1	409	343	751	0.0	750
ZOTU_361	LN565255.1.1379	99.767	429	1	0	1	429	331	759	0.0	787
ZOTU_362	KF827421.1.1400	99.505	404	2	0	1	404	317	720	0.0	736
ZOTU_363	EU735639.1.1433	100.000	404	0	0	1	404	319	722	0.0	747
ZOTU_364	KJ886939.1.1406	97.772	404	9	0	1	404	301	704	0.0	697
ZOTU_365	GQ262853.1.1412	99.257	404	3	0	1	404	309	712	0.0	730
ZOTU_366	KC110960.1.1446	100.000	404	0	0	1	404	317	720	0.0	747
ZOTU_367	KF286037.1.1264	94.527	402	22	0	3	404	241	642	2.42e-176	621
ZOTU_368	AY211516.1.1388	98.020	404	8	0	1	404	288	691	0.0	702
ZOTU_369	DQ337587.1.1491	99.764	424	1	0	1	424	354	777	0.0	778
ZOTU_370	KC554570.1.1513	97.805	410	9	0	1	410	342	751	0.0	708
ZOTU_371	KM873631.1.1367	99.505	404	2	0	1	404	331	734	0.0	736
ZOTU_372	AMSI01000044.396.1887	100.000	404	0	0	1	404	324	727	0.0	747
ZOTU_373	GU584632.1.1390	100.000	424	0	0	1	424	352	775	0.0	784
ZOTU_374	JQ337421.1.1386	98.515	404	6	0	1	404	292	695	0.0	713
ZOTU_375	LN572255.1.1325	98.768	406	3	2	1	404	309	714	0.0	721
ZOTU_376	JQ972882.1.1517	99.756	409	1	0	1	409	380	788	0.0	750
ZOTU_376	JQ972882.1.1517	97.222	36	0	1	157	192	35	1	2.41e-07	60.2
ZOTU_377	KF708912.1.1424	100.000	429	0	0	1	429	291	719	0.0	793
ZOTU_378	AY921897.1.1344	99.505	404	2	0	1	404	328	731	0.0	736
ZOTU_379	AM934973.1.1361	99.261	406	3	0	1	406	335	740	0.0	734
ZOTU_380	KF779477.1.1351	100.000	409	0	0	1	409	279	687	0.0	756
ZOTU_381	JN825639.1.1522	99.767	430	1	0	1	430	355	784	0.0	789
ZOTU_382	LN567498.1.1370	98.843	432	1	4	1	429	325	755	0.0	767
ZOTU_383	LN572516.1.1371	99.767	429	1	0	1	429	325	753	0.0	787
ZOTU_384	DQ984537.1.1444	100.000	404	0	0	1	404	314	717	0.0	747
ZOTU_385	DQ396349.1.1527	99.534	429	2	0	1	429	342	770	0.0	782
ZOTU_386	JX403059.1.1507	100.000	404	0	0	1	404	352	755	0.0	747
ZOTU_387	ARTB01000002.960062.961565	100.000	409	0	0	1	409	349	757	0.0	756
ZOTU_388	HQ326362.1.1478	100.000	424	0	0	1	424	346	769	0.0	784
ZOTU_389	JF215556.1.1344	100.000	409	0	0	1	409	329	737	0.0	756
ZOTU_390	GQ264366.1.1447	99.012	405	3	1	1	404	315	719	0.0	725
ZOTU_391	LN571000.1.1375	100.000	430	0	0	1	430	325	754	0.0	795
ZOTU_392	HM276081.1.1340	94.390	410	21	2	1	409	327	735	1.47e-178	628
ZOTU_393	JQ033983.1.1380	100.000	424	0	0	1	424	297	720	0.0	784
ZOTU_394	AGAQ01000316.157.1671	100.000	423	0	0	1	423	345	767	0.0	782
ZOTU_395	JQ032595.1.1448	100.000	429	0	0	1	429	330	758	0.0	793
ZOTU_396	JX872320.1.1465	100.000	429	0	0	1	429	346	774	0.0	793
ZOTU_397	GQ264142.1.1411	99.752	403	1	0	1	403	314	716	0.0	739
ZOTU_398	JQ337440.1.1432	98.280	407	6	1	1	406	327	733	0.0	712
ZOTU_399	HM798799.1.1401	100.000	404	0	0	1	404	295	698	0.0	747
ZOTU_400	HF912314.1.1467	99.068	429	4	0	1	429	331	759	0.0	771
ZOTU_401	GQ500730.1.1500	98.364	428	7	0	1	428	345	772	0.0	752
ZOTU_402	KF798449.1.1505	100.000	429	0	0	1	429	349	777	0.0	793
ZOTU_403	LN571269.1.1317	99.752	404	1	0	1	404	301	704	0.0	741
ZOTU_404	EF219040.1.1443	100.000	404	0	0	1	404	315	718	0.0	747
ZOTU_405	JQ186009.1.1358	100.000	430	0	0	1	430	325	754	0.0	795
ZOTU_406	EU133473.1.1320	99.505	404	2	0	1	404	313	716	0.0	736
ZOTU_407	CP000469.4480614.4482148	100.000	429	0	0	1	429	351	779	0.0	793
ZOTU_408	HQ682014.1.1493	100.000	429	0	0	1	429	343	771	0.0	793
ZOTU_409	CR933023.1.1287	97.778	405	9	0	1	405	274	678	0.0	699
ZOTU_410	AB514664.1.1474	97.291	406	11	0	1	406	352	757	0.0	689
ZOTU_411	X95233.1.1494	100.000	429	0	0	1	429	330	758	0.0	793
ZOTU_412	DQ490442.1.1487	99.756	409	1	0	1	409	351	759	0.0	750
ZOTU_413	KJ192072.1.1505	99.292	424	3	0	1	424	353	776	0.0	767
ZOTU_414	JF344342.1.1496	100.000	430	0	0	1	430	345	774	0.0	795
ZOTU_415	GQ377131.1.1460	99.754	407	1	0	1	407	348	754	0.0	747
ZOTU_416	GU120578.1.1440	100.000	424	0	0	1	424	326	749	0.0	784
ZOTU_417	AB369165.1.1412	98.762	404	5	0	1	404	299	702	0.0	719
ZOTU_418	JF937425.1.1350	100.000	429	0	0	1	429	324	752	0.0	793
ZOTU_419	FN824880.1.1270	100.000	424	0	0	1	424	292	715	0.0	784
ZOTU_420	KC852964.1.1439	99.767	429	1	0	1	429	345	773	0.0	787
ZOTU_421	GQ221767.1.1426	100.000	404	0	0	1	404	307	710	0.0	747
ZOTU_423	DQ256321.1.1500	100.000	429	0	0	1	429	348	776	0.0	793
ZOTU_424	JN023671.1.1442	99.257	404	3	0	1	404	283	686	0.0	730
ZOTU_425	LN573811.1.1337	100.000	404	0	0	1	404	315	718	0.0	747
ZOTU_426	FJ764762.1.1445	99.534	429	2	0	1	429	344	772	0.0	782
ZOTU_427	ASJA01000004.146378.147825	94.554	404	21	1	1	404	319	721	6.74e-177	623
ZOTU_428	LN568212.1.1320	100.000	404	0	0	1	404	300	703	0.0	747
ZOTU_429	GQ850557.1.1478	100.000	406	0	0	1	406	348	753	0.0	750
ZOTU_430	KP017541.1.1308	94.588	425	21	2	1	424	234	657	0.0	656
ZOTU_431	CP008786.98902.100419	98.135	429	8	0	1	429	344	772	0.0	749
ZOTU_432	DQ336973.1.1498	100.000	429	0	0	1	429	345	773	0.0	793
ZOTU_433	GQ263435.1.1425	99.767	429	1	0	1	429	324	752	0.0	787
ZOTU_434	HM559217.1.1417	98.611	432	4	2	1	430	361	792	0.0	763
ZOTU_435	GU356214.1.1352	99.301	429	3	0	1	429	308	736	0.0	776
ZOTU_436	LN567551.1.1368	99.304	431	0	3	1	429	325	754	0.0	776
ZOTU_437	GQ377131.1.1460	99.509	407	2	0	1	407	348	754	0.0	741
ZOTU_438	AY921897.1.1344	99.752	404	1	0	1	404	328	731	0.0	741
ZOTU_439	CU927523.1.1339	99.754	406	1	0	1	406	321	726	0.0	745
ZOTU_440	DQ137966.1.1229	99.752	404	1	0	1	404	230	633	0.0	741
ZOTU_441	GQ377131.1.1460	100.000	407	0	0	1	407	348	754	0.0	752
ZOTU_442	JF417853.1.1452	99.505	404	2	0	1	404	321	724	0.0	736
ZOTU_443	FJ750462.1.1407	100.000	429	0	0	1	429	271	699	0.0	793
ZOTU_444	KJ410592.1.1283	99.257	404	3	0	1	404	321	724	0.0	730
ZOTU_445	LN567869.1.1360	99.527	423	0	2	1	421	316	738	0.0	769
ZOTU_446	HQ122965.1.1374	100.000	406	0	0	1	406	339	744	0.0	750
ZOTU_447	JF214497.1.1306	100.000	404	0	0	1	404	299	702	0.0	747
ZOTU_448	JQ245604.1.1402	100.000	429	0	0	1	429	299	727	0.0	793
ZOTU_449	GU199001.1.1467	99.767	429	1	0	1	429	331	759	0.0	787
ZOTU_450	JF417855.1.1450	100.000	404	0	0	1	404	319	722	0.0	747
ZOTU_451	GQ245918.1.1430	96.520	431	11	4	1	429	284	712	0.0	710
ZOTU_452	FM209144.1.1379	98.054	411	8	0	1	411	347	757	0.0	715
ZOTU_453	AB232339.1.1373	100.000	404	0	0	1	404	247	650	0.0	747
ZOTU_454	GU474898.26782.28206	98.020	404	8	0	1	404	319	722	0.0	702
ZOTU_455	HM591393.1.1430	100.000	404	0	0	1	404	317	720	0.0	747
ZOTU_456	LN570398.1.1322	99.506	405	1	1	1	404	301	705	0.0	736
ZOTU_457	KF112046.1.1433	98.832	428	5	0	1	428	326	753	0.0	763
ZOTU_458	JF421131.1.1508	96.970	429	13	0	1	429	347	775	0.0	721
ZOTU_459	LN571273.1.1324	100.000	404	0	0	1	404	301	704	0.0	747
ZOTU_460	EF516933.1.1401	98.598	428	6	0	1	428	316	743	0.0	758
ZOTU_461	FJ976052.1.1397	100.000	429	0	0	1	429	335	763	0.0	793
ZOTU_462	CP009495.3823698.3825228	100.000	409	0	0	1	409	359	767	0.0	756
ZOTU_463	LN565255.1.1379	99.534	429	2	0	1	429	331	759	0.0	782
ZOTU_464	JX875873.1.1443	100.000	404	0	0	1	404	317	720	0.0	747
ZOTU_465	JF178945.1.1306	99.752	404	1	0	1	404	297	700	0.0	741
ZOTU_466	LN567719.1.1357	100.000	409	0	0	1	409	329	737	0.0	756
ZOTU_467	KF708732.1.1424	99.767	429	1	0	1	429	291	719	0.0	787
ZOTU_468	KC002819.1.1399	100.000	430	0	0	1	430	347	776	0.0	795
ZOTU_469	JX898131.1.1449	99.752	404	1	0	1	404	310	713	0.0	741
ZOTU_470	LN572209.1.1321	98.025	405	8	0	1	405	300	704	0.0	704
ZOTU_471	DQ062742.1.1386	100.000	404	0	0	1	404	247	650	0.0	747
ZOTU_472	LN573329.1.1344	98.533	409	6	0	1	409	322	730	0.0	723
ZOTU_473	KC172214.1.1444	97.519	403	8	2	3	404	322	723	0.0	688
ZOTU_474	HQ232444.1.1375	99.756	409	1	0	1	409	346	754	0.0	750
ZOTU_475	FR749783.1.1487	96.790	405	13	0	1	405	355	759	0.0	676
ZOTU_476	AY921674.1.1407	98.832	428	5	0	1	428	358	785	0.0	763
ZOTU_477	DQ264415.1.1506	100.000	430	0	0	1	430	344	773	0.0	795
ZOTU_478	CU927030.1.1359	100.000	429	0	0	1	429	327	755	0.0	793
ZOTU_479	KF709026.1.1410	100.000	409	0	0	1	409	295	703	0.0	756
ZOTU_480	ASJA01000004.146378.147825	93.812	404	24	1	1	404	319	721	6.79e-172	606
ZOTU_481	LN570448.1.1330	99.753	405	0	1	1	404	299	703	0.0	741
ZOTU_482	GU724740.1.1477	99.764	424	1	0	1	424	341	764	0.0	778
ZOTU_483	AB327252.1.1445	100.000	409	0	0	1	409	325	733	0.0	756
ZOTU_484	EF174287.1.1515	99.767	429	1	0	1	429	363	791	0.0	787
ZOTU_485	EU134448.1.1297	99.533	428	2	0	1	428	342	769	0.0	780
ZOTU_486	FQ659378.1.1354	100.000	424	0	0	1	424	331	754	0.0	784
ZOTU_487	LN567369.1.1322	99.257	404	3	0	1	404	301	704	0.0	730
ZOTU_488	KJ600862.1.1403	99.505	404	2	0	1	404	299	702	0.0	736
ZOTU_489	DQ469215.1.1500	100.000	429	0	0	1	429	345	773	0.0	793
ZOTU_490	HM798708.1.1424	100.000	404	0	0	1	404	301	704	0.0	747
ZOTU_491	FN600410.1.1518	100.000	429	0	0	1	429	354	782	0.0	793
ZOTU_492	KC170359.1.1354	99.752	404	1	0	1	404	270	673	0.0	741
ZOTU_493	DQ080188.1.1486	99.015	406	4	0	1	406	336	741	0.0	728
ZOTU_494	DQ404752.1.1451	99.502	402	2	0	3	404	322	723	0.0	732
ZOTU_495	GQ487915.1.1450	100.000	404	0	0	1	404	319	722	0.0	747
ZOTU_496	EU662595.1.1512	99.767	429	1	0	1	429	351	779	0.0	787
ZOTU_497	JF417855.1.1450	99.752	404	1	0	1	404	319	722	0.0	741
ZOTU_498	KF927717.1.1530	100.000	409	0	0	1	409	359	767	0.0	756
ZOTU_499	AJ429045.1.1456	99.267	409	3	0	1	409	330	738	0.0	739
ZOTU_500	JN802703.1.1345	97.642	424	10	0	1	424	326	749	0.0	728
ZOTU_501	EU881350.1.1503	99.534	429	2	0	1	429	348	776	0.0	782
ZOTU_502	HM186323.1.1354	99.534	429	2	0	1	429	326	754	0.0	782
ZOTU_503	HM447748.1.1442	99.015	406	0	4	1	404	283	686	0.0	725
ZOTU_504	LN570460.1.1322	99.256	403	2	1	3	404	301	703	0.0	726
ZOTU_505	AJ429045.1.1456	100.000	409	0	0	1	409	330	738	0.0	756
ZOTU_506	KJ191970.1.1450	99.752	404	1	0	1	404	319	722	0.0	741
ZOTU_507	DQ080188.1.1486	99.261	406	3	0	1	406	336	741	0.0	734
ZOTU_508	LN563092.1.1387	99.070	430	4	0	1	430	340	769	0.0	773
ZOTU_509	LN570208.1.1342	99.756	409	1	0	1	409	317	725	0.0	750
ZOTU_510	LN569991.1.1322	99.505	404	2	0	1	404	301	704	0.0	736
ZOTU_511	AJ318120.1.1451	99.753	405	0	1	1	404	319	723	0.0	741
ZOTU_512	AF174290.1.1527	100.000	421	0	0	1	421	345	765	0.0	778
ZOTU_513	JQ337440.1.1432	97.297	407	11	0	1	407	327	733	0.0	691
ZOTU_514	GU451405.1.1215	100.000	404	0	0	1	404	202	605	0.0	747
ZOTU_515	JF417776.1.1448	99.752	404	1	0	1	404	319	722	0.0	741
ZOTU_516	EU276530.1.1487	98.837	430	5	0	1	430	322	751	0.0	767
ZOTU_517	X92134.1.1483	99.534	429	2	0	1	429	325	753	0.0	782
ZOTU_518	FJ536888.1.1451	99.292	424	3	0	1	424	332	755	0.0	767
ZOTU_519	HQ817350.1.1460	100.000	429	0	0	1	429	329	757	0.0	793
ZOTU_520	LN567716.1.1348	97.066	409	12	0	1	409	325	733	0.0	689
ZOTU_521	GQ389150.1.1476	97.877	424	9	0	1	424	341	764	0.0	734
ZOTU_522	KC111834.1.1250	99.756	409	1	0	1	409	257	665	0.0	750
ZOTU_523	KC305862.1.1446	99.257	404	3	0	1	404	316	719	0.0	730
ZOTU_524	DQ125912.1.1474	99.287	421	3	0	1	421	336	756	0.0	761
ZOTU_525	FM209153.1.1356	99.017	407	4	0	1	407	342	748	0.0	730
ZOTU_526	JF417801.1.1475	100.000	424	0	0	1	424	344	767	0.0	784
ZOTU_527	FJ152839.1.1442	99.005	402	4	0	3	404	285	686	0.0	721
ZOTU_528	LN570208.1.1342	99.267	409	3	0	1	409	317	725	0.0	739
ZOTU_529	KJ600856.1.1417	99.752	404	1	0	1	404	315	718	0.0	741
ZOTU_530	JQ337440.1.1432	98.280	407	7	0	1	407	327	733	0.0	713
ZOTU_531	LN555010.1.1304	99.753	405	1	0	1	405	234	638	0.0	743
ZOTU_532	EU449699.1.1457	99.065	428	4	0	1	428	319	746	0.0	769
ZOTU_533	LN563104.1.1365	100.000	429	0	0	1	429	325	753	0.0	793
ZOTU_534	HQ218501.1.1480	99.752	404	1	0	1	404	355	758	0.0	741
ZOTU_535	GQ264297.1.1431	99.753	405	1	0	1	405	301	705	0.0	743
ZOTU_536	FN297835.1.1455	100.000	404	0	0	1	404	316	719	0.0	747
ZOTU_537	EU440684.1.1409	99.752	404	1	0	1	404	281	684	0.0	741
ZOTU_538	JN679124.1.1448	100.000	404	0	0	1	404	318	721	0.0	747
ZOTU_539	AXVQ01000004.692032.693538	100.000	409	0	0	1	409	350	758	0.0	756
ZOTU_540	KF712788.1.1453	100.000	404	0	0	1	404	321	724	0.0	747
ZOTU_541	LN571406.1.1370	99.528	424	2	0	1	424	331	754	0.0	773
ZOTU_542	GQ264366.1.1447	98.765	405	4	1	1	404	315	719	0.0	719
ZOTU_543	AJ318139.1.1500	96.956	427	13	0	3	429	352	778	0.0	717
ZOTU_544	KF733613.1.1478	100.000	404	0	0	1	404	319	722	0.0	747
ZOTU_545	AJ318139.1.1500	97.424	427	11	0	3	429	352	778	0.0	728
ZOTU_546	GQ354956.1.1504	100.000	428	0	0	1	428	348	775	0.0	791
ZOTU_547	LN572123.1.1318	100.000	404	0	0	1	404	299	702	0.0	747
ZOTU_548	AJ007007.1.1373	100.000	429	0	0	1	429	276	704	0.0	793
ZOTU_549	JF198248.1.1338	99.756	409	1	0	1	409	326	734	0.0	750
ZOTU_550	JF124601.1.1321	97.525	404	10	0	1	404	326	729	0.0	691
ZOTU_551	KC791013.1.1410	99.534	429	2	0	1	429	305	733	0.0	782
ZOTU_552	AB681043.1.1452	98.821	424	5	0	1	424	330	753	0.0	758
ZOTU_553	DQ469215.1.1500	99.767	429	1	0	1	429	345	773	0.0	787
ZOTU_554	LN561673.1.1322	100.000	404	0	0	1	404	299	702	0.0	747
ZOTU_555	JF417855.1.1450	99.752	404	1	0	1	404	319	722	0.0	741
ZOTU_556	KC554851.1.1541	99.767	429	1	0	1	429	353	781	0.0	787
ZOTU_557	DQ128248.1.1433	99.767	429	1	0	1	429	312	740	0.0	787
ZOTU_558	LN562387.1.1320	99.257	404	3	0	1	404	297	700	0.0	730
ZOTU_559	AY921724.1.1370	98.533	409	6	0	1	409	342	750	0.0	723
ZOTU_560	GQ500730.1.1500	98.598	428	6	0	1	428	345	772	0.0	758
ZOTU_561	EU133991.1.1303	96.569	408	12	2	1	406	328	735	0.0	675
ZOTU_562	KF071264.1.1313	98.522	406	5	1	1	406	318	722	0.0	715
ZOTU_563	JF697427.1.1487	98.834	429	5	0	1	429	338	766	0.0	765
ZOTU_564	GU724740.1.1477	100.000	424	0	0	1	424	341	764	0.0	784
ZOTU_565	LN573217.1.1353	98.537	410	5	1	1	409	328	737	0.0	723
ZOTU_566	JF232400.1.1352	100.000	429	0	0	1	429	323	751	0.0	793
ZOTU_567	FJ936950.1.1442	99.257	404	3	0	1	404	319	722	0.0	730
ZOTU_568	LN571326.1.1319	100.000	404	0	0	1	404	301	704	0.0	747
ZOTU_569	AM936572.1.1308	100.000	404	0	0	1	404	301	704	0.0	747
ZOTU_570	KF080558.1.1339	97.800	409	9	0	1	409	326	734	0.0	706
ZOTU_571	FJ675306.1.1444	99.528	424	2	0	1	424	355	778	0.0	773
ZOTU_572	KF037950.1.1489	97.531	405	10	0	1	405	353	757	0.0	693
ZOTU_573	FJ478854.1.1498	99.534	429	2	0	1	429	346	774	0.0	782
ZOTU_574	LN562334.1.1318	100.000	404	0	0	1	404	297	700	0.0	747
ZOTU_575	CP004403.1418280.1419781	100.000	404	0	0	1	404	343	746	0.0	747
ZOTU_576	KJ600828.1.1434	95.540	426	15	4	1	424	325	748	0.0	678
ZOTU_577	AHTH01000032.12110.13654	99.534	429	2	0	1	429	358	786	0.0	782
ZOTU_578	AY921770.1.1398	95.116	430	19	2	1	429	346	774	0.0	676
ZOTU_579	DQ469201.1.1496	100.000	429	0	0	1	429	343	771	0.0	793
ZOTU_580	EF219029.1.1443	100.000	404	0	0	1	404	318	721	0.0	747
ZOTU_581	DQ395844.1.1475	96.535	404	14	0	1	404	316	719	0.0	669
ZOTU_582	CP002377.387300.388840	100.000	429	0	0	1	429	361	789	0.0	793
ZOTU_583	EF063613.1.1479	99.017	407	4	0	1	407	348	754	0.0	730
ZOTU_584	JX223882.1.1244	98.526	407	6	0	1	407	278	684	0.0	719
ZOTU_585	U81670.1.1450	94.103	407	24	0	1	407	328	734	8.78e-176	619
ZOTU_586	LN570012.1.1368	97.877	424	9	0	1	424	329	752	0.0	734
ZOTU_587	LN567332.1.1313	99.505	404	2	0	1	404	297	700	0.0	736
ZOTU_588	AY102320.1.1308	98.267	404	7	0	1	404	285	688	0.0	708
ZOTU_589	KJ191979.1.1466	99.010	404	4	0	1	404	331	734	0.0	725
ZOTU_590	GQ263805.1.1476	99.767	429	1	0	1	429	325	753	0.0	787
ZOTU_591	JX079082.1.1400	98.025	405	7	1	1	404	352	756	0.0	702
ZOTU_592	GU389545.1.1225	100.000	429	0	0	1	429	352	780	0.0	793
ZOTU_593	EU589319.1.1497	99.533	428	2	0	1	428	340	767	0.0	780
ZOTU_594	EF645831.1.1451	100.000	429	0	0	1	429	325	753	0.0	793
ZOTU_595	LN570553.1.1373	99.767	429	1	0	1	429	327	755	0.0	787
ZOTU_596	HQ727621.1.1453	99.505	404	2	0	1	404	319	722	0.0	736
ZOTU_597	EU133388.1.1272	99.752	404	1	0	1	404	302	705	0.0	741
ZOTU_598	EF128173.1.1376	100.000	404	0	0	1	404	283	686	0.0	747
ZOTU_599	LN568008.1.1371	98.592	426	4	2	1	424	331	756	0.0	752
ZOTU_600	JF240884.1.1358	100.000	429	0	0	1	429	325	753	0.0	793
ZOTU_601	LN567332.1.1313	98.762	404	5	0	1	404	297	700	0.0	719
ZOTU_602	CU927590.1.1340	99.017	407	4	0	1	407	329	735	0.0	730
ZOTU_603	DQ137966.1.1229	99.505	404	2	0	1	404	230	633	0.0	736
ZOTU_604	D84530.1.1411	100.000	404	0	0	1	404	315	718	0.0	747
ZOTU_605	FQ659961.1.1308	99.505	404	2	0	1	404	299	702	0.0	736
ZOTU_606	AY922010.1.1408	97.448	431	10	1	1	430	359	789	0.0	734
ZOTU_607	CU927590.1.1340	99.754	407	1	0	1	407	329	735	0.0	747
ZOTU_608	LN567263.1.1321	100.000	404	0	0	1	404	301	704	0.0	747
ZOTU_609	EF111210.1.1218	100.000	404	0	0	1	404	267	670	0.0	747
ZOTU_610	AF465654.1.1415	98.762	404	5	0	1	404	305	708	0.0	719
ZOTU_611	LN567546.1.1371	98.605	430	5	1	1	429	325	754	0.0	760
ZOTU_612	EF020067.1.1336	99.257	404	3	0	1	404	318	721	0.0	730
ZOTU_613	LN567823.1.1383	99.767	429	1	0	1	429	339	767	0.0	787
ZOTU_614	EF018850.1.1333	100.000	404	0	0	1	404	320	723	0.0	747
ZOTU_615	HE587098.1.1346	98.515	404	6	0	1	404	323	726	0.0	713
ZOTU_616	JN107635.1.1474	99.301	429	3	0	1	429	304	732	0.0	776
ZOTU_617	AY921674.1.1407	98.598	428	6	0	1	428	358	785	0.0	758
ZOTU_618	KF751762.1.1408	100.000	429	0	0	1	429	299	727	0.0	793
ZOTU_619	GQ263085.1.1430	99.505	404	2	0	1	404	301	704	0.0	736
ZOTU_620	HG975580.1.1376	93.721	430	27	0	1	430	282	711	0.0	645
ZOTU_621	AY957948.1.1512	100.000	409	0	0	1	409	343	751	0.0	756
ZOTU_622	AB755783.1.1474	100.000	406	0	0	1	406	363	768	0.0	750
ZOTU_623	AKKU01000023.38873.40404	99.301	429	3	0	1	429	345	773	0.0	776
ZOTU_624	GQ480156.1.1504	99.767	429	1	0	1	429	351	779	0.0	787
ZOTU_625	GQ263105.1.1480	91.549	426	27	8	1	423	327	746	1.55e-163	579
ZOTU_626	AJ009493.1.1515	97.297	407	10	1	1	406	354	760	0.0	689
ZOTU_627	EF020168.1.1334	100.000	404	0	0	1	404	316	719	0.0	747
ZOTU_628	DQ001680.1.1275	99.752	404	1	0	1	404	164	567	0.0	741
ZOTU_629	JN684012.1.1501	100.000	429	0	0	1	429	349	777	0.0	793
ZOTU_630	HQ412605.1.1427	99.756	409	1	0	1	409	318	726	0.0	750
ZOTU_631	JX534180.1.1478	100.000	404	0	0	1	404	319	722	0.0	747
ZOTU_632	LN562911.1.1354	99.756	410	0	1	1	409	326	735	0.0	750
ZOTU_633	HM008292.1.1241	100.000	424	0	0	1	424	103	526	0.0	784
ZOTU_634	GQ263562.1.1474	99.528	424	2	0	1	424	334	757	0.0	773
ZOTU_635	KM978211.1.1447	98.020	404	8	0	1	404	317	720	0.0	702
ZOTU_636	EU134371.1.1371	99.766	428	1	0	1	428	336	763	0.0	785
ZOTU_637	LN567232.1.1316	100.000	404	0	0	1	404	296	699	0.0	747
ZOTU_638	JQ426322.1.1443	100.000	404	0	0	1	404	281	684	0.0	747
ZOTU_639	KJ734942.1.1487	100.000	423	0	0	1	423	352	774	0.0	782
ZOTU_640	EU104338.1.1456	93.868	424	26	0	1	424	336	759	0.0	640
ZOTU_641	FJ769518.1.1489	99.767	429	1	0	1	429	315	743	0.0	787
ZOTU_642	CU923664.1.1343	97.277	404	11	0	1	404	334	737	0.0	686
ZOTU_643	GU180172.1.1487	97.783	406	9	0	1	406	364	769	0.0	701
ZOTU_644	LN569798.1.1322	100.000	404	0	0	1	404	300	703	0.0	747
ZOTU_645	AB243814.1.1495	99.529	425	1	1	1	424	355	779	0.0	773
ZOTU_646	JQ072869.1.1410	100.000	404	0	0	1	404	306	709	0.0	747
ZOTU_647	FR675974.1.1438	99.505	404	2	0	1	404	327	730	0.0	736
ZOTU_648	KJ600856.1.1417	100.000	404	0	0	1	404	315	718	0.0	747
ZOTU_649	LN571267.1.1318	99.753	405	0	1	1	404	301	705	0.0	741
ZOTU_650	AM935108.1.1353	99.756	410	1	0	1	410	322	731	0.0	752
ZOTU_651	LK392862.1.1445	100.000	424	0	0	1	424	348	771	0.0	784
ZOTU_652	JQ072157.1.1358	100.000	424	0	0	1	424	296	719	0.0	784
ZOTU_653	CU920881.1.1308	100.000	404	0	0	1	404	298	701	0.0	747
ZOTU_654	AB824307.1.1521	97.304	408	9	2	1	407	355	761	0.0	691
ZOTU_655	FJ469311.1.1217	99.767	429	1	0	1	429	250	678	0.0	787
ZOTU_656	LN572476.1.1341	99.752	404	1	0	1	404	321	724	0.0	741
ZOTU_657	AB080644.1.1400	100.000	404	0	0	1	404	294	697	0.0	747
ZOTU_658	JX224618.1.1412	99.506	405	2	0	1	405	364	768	0.0	737
ZOTU_659	AKKU01000023.38873.40404	98.834	429	5	0	1	429	345	773	0.0	765
ZOTU_660	DQ026660.1.1505	100.000	409	0	0	1	409	356	764	0.0	756
ZOTU_661	HQ674864.1.1490	99.022	409	4	0	1	409	350	758	0.0	734
ZOTU_662	CP010816.226608.228163	100.000	429	0	0	1	429	360	788	0.0	793
ZOTU_663	JN868919.1.1529	100.000	429	0	0	1	429	345	773	0.0	793
ZOTU_664	CP002584.3359512.3361021	97.642	424	10	0	1	424	348	771	0.0	728
ZOTU_665	AAJO01000012.669.2201	100.000	429	0	0	1	429	361	789	0.0	793
ZOTU_666	JHOM01041610.752.2210	100.000	404	0	0	1	404	312	715	0.0	747
ZOTU_667	GQ016392.1.1366	100.000	429	0	0	1	429	334	762	0.0	793
ZOTU_668	JN685456.1.1513	100.000	406	0	0	1	406	365	770	0.0	750
ZOTU_669	HQ405608.1.1480	97.877	424	9	0	1	424	348	771	0.0	734
ZOTU_670	JX489981.1.1484	96.698	424	13	1	1	424	349	771	0.0	704
ZOTU_671	EU887997.1.1380	99.764	424	1	0	1	424	297	720	0.0	780
ZOTU_672	KC554412.1.1516	99.022	409	4	0	1	409	348	756	0.0	734
ZOTU_673	KJ600990.1.1456	100.000	404	0	0	1	404	297	700	0.0	747
ZOTU_674	GQ263616.1.1474	98.812	421	5	0	1	421	326	746	0.0	750
ZOTU_675	HQ395168.1.1463	96.287	404	15	0	1	404	333	736	0.0	664
ZOTU_676	JQ088433.1.1494	99.507	406	2	0	1	406	366	771	0.0	739
ZOTU_677	KJ782898.1.1445	99.010	404	4	0	1	404	317	720	0.0	725
ZOTU_678	JF124601.1.1321	97.030	404	12	0	1	404	326	729	0.0	680
ZOTU_679	JQ337440.1.1432	100.000	407	0	0	1	407	327	733	0.0	752
ZOTU_680	EU305586.1.1413	100.000	404	0	0	1	404	309	712	0.0	747
ZOTU_681	LN570873.1.1390	99.766	428	1	0	1	428	347	774	0.0	785
ZOTU_682	CP006850.2812521.2814025	100.000	409	0	0	1	409	343	751	0.0	756
ZOTU_683	KC479802.1.1492	99.528	424	2	0	1	424	337	760	0.0	773
